#          k/h    CDM            baryon         photon         nu             mass_nu        total          no_nu          total_de       Weyl           v_CDM          v_b            v_b-v_c     
   0.581041E-05   0.623847E+07   0.623847E+07   0.831758E+07   0.831758E+07   0.624353E+07   0.623853E+07   0.623847E+07   0.624428E+07  -0.596588E+00   0.612535E+07   0.612535E+07   0.120468E-01
   0.642149E-05   0.623847E+07   0.623847E+07   0.831749E+07   0.831749E+07   0.624353E+07   0.623853E+07   0.623847E+07   0.624428E+07  -0.596588E+00   0.612535E+07   0.612535E+07   0.133138E-01
   0.709685E-05   0.623847E+07   0.623847E+07   0.831739E+07   0.831738E+07   0.624352E+07   0.623853E+07   0.623847E+07   0.624428E+07  -0.596588E+00   0.612535E+07   0.612535E+07   0.147140E-01
   0.784323E-05   0.623847E+07   0.623847E+07   0.831726E+07   0.831726E+07   0.624352E+07   0.623853E+07   0.623847E+07   0.624428E+07  -0.596588E+00   0.612535E+07   0.612535E+07   0.162615E-01
   0.866811E-05   0.623847E+07   0.623847E+07   0.831710E+07   0.831710E+07   0.624352E+07   0.623853E+07   0.623847E+07   0.624428E+07  -0.596588E+00   0.612535E+07   0.612535E+07   0.179717E-01
   0.957974E-05   0.623847E+07   0.623847E+07   0.831691E+07   0.831691E+07   0.624351E+07   0.623852E+07   0.623847E+07   0.624428E+07  -0.596588E+00   0.612535E+07   0.612535E+07   0.198618E-01
   0.105873E-04   0.623847E+07   0.623847E+07   0.831668E+07   0.831667E+07   0.624350E+07   0.623852E+07   0.623847E+07   0.624428E+07  -0.596588E+00   0.612534E+07   0.612534E+07   0.219506E-01
   0.117007E-04   0.623847E+07   0.623847E+07   0.831640E+07   0.831639E+07   0.624349E+07   0.623852E+07   0.623847E+07   0.624427E+07  -0.596588E+00   0.612534E+07   0.612534E+07   0.242591E-01
   0.129313E-04   0.623846E+07   0.623846E+07   0.831605E+07   0.831604E+07   0.624348E+07   0.623852E+07   0.623846E+07   0.624427E+07  -0.596587E+00   0.612534E+07   0.612534E+07   0.268104E-01
   0.142913E-04   0.623846E+07   0.623846E+07   0.831562E+07   0.831561E+07   0.624347E+07   0.623852E+07   0.623846E+07   0.624427E+07  -0.596587E+00   0.612534E+07   0.612534E+07   0.296300E-01
   0.157943E-04   0.623846E+07   0.623846E+07   0.831511E+07   0.831509E+07   0.624346E+07   0.623852E+07   0.623846E+07   0.624427E+07  -0.596587E+00   0.612534E+07   0.612534E+07   0.327461E-01
   0.174554E-04   0.623846E+07   0.623846E+07   0.831448E+07   0.831446E+07   0.624344E+07   0.623851E+07   0.623846E+07   0.624426E+07  -0.596586E+00   0.612533E+07   0.612533E+07   0.361899E-01
   0.192912E-04   0.623845E+07   0.623845E+07   0.831370E+07   0.831368E+07   0.624341E+07   0.623851E+07   0.623845E+07   0.624426E+07  -0.596586E+00   0.612533E+07   0.612533E+07   0.399958E-01
   0.213201E-04   0.623845E+07   0.623845E+07   0.831276E+07   0.831273E+07   0.624339E+07   0.623850E+07   0.623845E+07   0.624425E+07  -0.596586E+00   0.612533E+07   0.612533E+07   0.442019E-01
   0.235624E-04   0.623844E+07   0.623844E+07   0.831161E+07   0.831158E+07   0.624335E+07   0.623850E+07   0.623844E+07   0.624425E+07  -0.596585E+00   0.612532E+07   0.612532E+07   0.488502E-01
   0.260404E-04   0.623844E+07   0.623844E+07   0.831020E+07   0.831016E+07   0.624331E+07   0.623849E+07   0.623844E+07   0.624424E+07  -0.596584E+00   0.612531E+07   0.612531E+07   0.539873E-01
   0.287791E-04   0.623843E+07   0.623843E+07   0.830848E+07   0.830844E+07   0.624326E+07   0.623848E+07   0.623843E+07   0.624423E+07  -0.596583E+00   0.612531E+07   0.612531E+07   0.596645E-01
   0.318059E-04   0.623842E+07   0.623842E+07   0.830639E+07   0.830633E+07   0.624320E+07   0.623847E+07   0.623842E+07   0.624422E+07  -0.596582E+00   0.612530E+07   0.612530E+07   0.659384E-01
   0.351509E-04   0.623841E+07   0.623841E+07   0.830382E+07   0.830376E+07   0.624312E+07   0.623846E+07   0.623841E+07   0.624421E+07  -0.596581E+00   0.612528E+07   0.612528E+07   0.728719E-01
   0.388478E-04   0.623840E+07   0.623839E+07   0.830070E+07   0.830061E+07   0.624303E+07   0.623845E+07   0.623840E+07   0.624419E+07  -0.596579E+00   0.612527E+07   0.612527E+07   0.805341E-01
   0.429334E-04   0.623838E+07   0.623838E+07   0.829688E+07   0.829678E+07   0.624291E+07   0.623843E+07   0.623838E+07   0.624417E+07  -0.596577E+00   0.612525E+07   0.612525E+07   0.890015E-01
   0.474488E-04   0.623836E+07   0.623836E+07   0.829222E+07   0.829209E+07   0.624278E+07   0.623841E+07   0.623836E+07   0.624414E+07  -0.596574E+00   0.612523E+07   0.612523E+07   0.983585E-01
   0.524390E-04   0.623833E+07   0.623833E+07   0.828653E+07   0.828638E+07   0.624261E+07   0.623838E+07   0.623833E+07   0.624411E+07  -0.596571E+00   0.612521E+07   0.612521E+07   0.108698E+00
   0.579541E-04   0.623830E+07   0.623830E+07   0.827958E+07   0.827940E+07   0.624240E+07   0.623835E+07   0.623830E+07   0.624407E+07  -0.596568E+00   0.612517E+07   0.612517E+07   0.120124E+00
   0.640491E-04   0.623826E+07   0.623826E+07   0.827111E+07   0.827088E+07   0.624215E+07   0.623830E+07   0.623826E+07   0.624403E+07  -0.596563E+00   0.612514E+07   0.612514E+07   0.132750E+00
   0.707853E-04   0.623821E+07   0.623821E+07   0.826077E+07   0.826049E+07   0.624184E+07   0.623826E+07   0.623821E+07   0.624397E+07  -0.596557E+00   0.612509E+07   0.612509E+07   0.146700E+00
   0.782298E-04   0.623816E+07   0.623816E+07   0.824815E+07   0.824782E+07   0.624146E+07   0.623819E+07   0.623816E+07   0.624390E+07  -0.596550E+00   0.612503E+07   0.612503E+07   0.162114E+00
   0.864573E-04   0.623809E+07   0.623809E+07   0.823277E+07   0.823236E+07   0.624100E+07   0.623812E+07   0.623809E+07   0.624382E+07  -0.596542E+00   0.612496E+07   0.612496E+07   0.179143E+00
   0.955501E-04   0.623800E+07   0.623800E+07   0.821402E+07   0.821352E+07   0.624044E+07   0.623803E+07   0.623800E+07   0.624371E+07  -0.596532E+00   0.612487E+07   0.612487E+07   0.197957E+00
   0.105599E-03   0.623790E+07   0.623790E+07   0.819118E+07   0.819057E+07   0.623975E+07   0.623792E+07   0.623790E+07   0.624359E+07  -0.596519E+00   0.612477E+07   0.612477E+07   0.218740E+00
   0.116705E-03   0.623777E+07   0.623777E+07   0.816335E+07   0.816261E+07   0.623891E+07   0.623778E+07   0.623777E+07   0.624343E+07  -0.596504E+00   0.612464E+07   0.612464E+07   0.241696E+00
   0.128979E-03   0.623762E+07   0.623762E+07   0.812949E+07   0.812859E+07   0.623789E+07   0.623762E+07   0.623762E+07   0.624324E+07  -0.596485E+00   0.612448E+07   0.612448E+07   0.267049E+00
   0.142544E-03   0.623743E+07   0.623743E+07   0.808830E+07   0.808722E+07   0.623664E+07   0.623742E+07   0.623743E+07   0.624301E+07  -0.596463E+00   0.612429E+07   0.612429E+07   0.295045E+00
   0.157535E-03   0.623720E+07   0.623719E+07   0.803827E+07   0.803695E+07   0.623512E+07   0.623717E+07   0.623720E+07   0.624273E+07  -0.596435E+00   0.612406E+07   0.612406E+07   0.325955E+00
   0.174104E-03   0.623692E+07   0.623691E+07   0.797755E+07   0.797596E+07   0.623325E+07   0.623687E+07   0.623692E+07   0.624239E+07  -0.596401E+00   0.612377E+07   0.612377E+07   0.360074E+00
   0.192414E-03   0.623657E+07   0.623657E+07   0.790397E+07   0.790205E+07   0.623098E+07   0.623651E+07   0.623657E+07   0.624198E+07  -0.596360E+00   0.612342E+07   0.612342E+07   0.397725E+00
   0.212651E-03   0.623615E+07   0.623615E+07   0.781497E+07   0.781266E+07   0.622822E+07   0.623606E+07   0.623615E+07   0.624147E+07  -0.596310E+00   0.612300E+07   0.612300E+07   0.439261E+00
   0.235015E-03   0.623564E+07   0.623563E+07   0.770754E+07   0.770477E+07   0.622484E+07   0.623552E+07   0.623564E+07   0.624085E+07  -0.596248E+00   0.612248E+07   0.612248E+07   0.485064E+00
   0.259732E-03   0.623502E+07   0.623501E+07   0.757822E+07   0.757491E+07   0.622072E+07   0.623486E+07   0.623502E+07   0.624010E+07  -0.596174E+00   0.612184E+07   0.612184E+07   0.535549E+00
   0.287048E-03   0.623426E+07   0.623425E+07   0.742304E+07   0.741911E+07   0.621571E+07   0.623405E+07   0.623426E+07   0.623918E+07  -0.596083E+00   0.612107E+07   0.612107E+07   0.591164E+00
   0.317237E-03   0.623333E+07   0.623332E+07   0.723758E+07   0.723294E+07   0.620960E+07   0.623306E+07   0.623333E+07   0.623807E+07  -0.595973E+00   0.612013E+07   0.612013E+07   0.652387E+00
   0.350602E-03   0.623221E+07   0.623219E+07   0.701700E+07   0.701157E+07   0.620217E+07   0.623187E+07   0.623220E+07   0.623672E+07  -0.595839E+00   0.611899E+07   0.611899E+07   0.719729E+00
   0.387475E-03   0.623084E+07   0.623082E+07   0.675625E+07   0.674994E+07   0.619313E+07   0.623041E+07   0.623083E+07   0.623508E+07  -0.595677E+00   0.611759E+07   0.611759E+07   0.793730E+00
   0.428226E-03   0.622917E+07   0.622915E+07   0.645026E+07   0.644304E+07   0.618215E+07   0.622864E+07   0.622917E+07   0.623310E+07  -0.595480E+00   0.611590E+07   0.611590E+07   0.874954E+00
   0.473263E-03   0.622715E+07   0.622712E+07   0.609449E+07   0.608634E+07   0.616882E+07   0.622649E+07   0.622714E+07   0.623070E+07  -0.595242E+00   0.611384E+07   0.611384E+07   0.963987E+00
   0.523036E-03   0.622469E+07   0.622466E+07   0.568547E+07   0.567647E+07   0.615267E+07   0.622388E+07   0.622469E+07   0.622781E+07  -0.594956E+00   0.611134E+07   0.611134E+07   0.106143E+01
   0.578045E-03   0.622172E+07   0.622168E+07   0.522183E+07   0.521213E+07   0.613313E+07   0.622072E+07   0.622172E+07   0.622433E+07  -0.594610E+00   0.610831E+07   0.610830E+07   0.116787E+01
   0.638838E-03   0.621813E+07   0.621808E+07   0.470543E+07   0.469532E+07   0.610954E+07   0.621690E+07   0.621812E+07   0.622016E+07  -0.594196E+00   0.610464E+07   0.610464E+07   0.128392E+01
   0.706025E-03   0.621380E+07   0.621374E+07   0.414277E+07   0.413270E+07   0.608110E+07   0.621230E+07   0.621379E+07   0.621516E+07  -0.593701E+00   0.610021E+07   0.610021E+07   0.141015E+01
   0.780278E-03   0.620858E+07   0.620852E+07   0.354651E+07   0.353711E+07   0.604699E+07   0.620675E+07   0.620857E+07   0.620921E+07  -0.593110E+00   0.609487E+07   0.609487E+07   0.154712E+01
   0.862341E-03   0.620233E+07   0.620224E+07   0.293661E+07   0.292863E+07   0.600620E+07   0.620011E+07   0.620231E+07   0.620214E+07  -0.592410E+00   0.608845E+07   0.608845E+07   0.169536E+01
   0.953034E-03   0.619484E+07   0.619474E+07   0.234051E+07   0.233476E+07   0.595766E+07   0.619215E+07   0.619482E+07   0.619377E+07  -0.591582E+00   0.608076E+07   0.608076E+07   0.185541E+01
   0.105327E-02   0.618591E+07   0.618579E+07   0.179154E+07   0.178869E+07   0.590017E+07   0.618268E+07   0.618589E+07   0.618392E+07  -0.590608E+00   0.607159E+07   0.607158E+07   0.202780E+01
   0.116404E-02   0.617532E+07   0.617516E+07   0.132444E+07   0.132476E+07   0.583253E+07   0.617143E+07   0.617529E+07   0.617235E+07  -0.589468E+00   0.606068E+07   0.606068E+07   0.221315E+01
   0.128646E-02   0.616279E+07   0.616260E+07   0.967611E+06   0.970669E+06   0.575354E+07   0.615815E+07   0.616276E+07   0.615882E+07  -0.588140E+00   0.604778E+07   0.604777E+07   0.241219E+01
   0.142176E-02   0.614805E+07   0.614782E+07   0.732865E+06   0.737336E+06   0.566213E+07   0.614254E+07   0.614801E+07   0.614305E+07  -0.586599E+00   0.603260E+07   0.603259E+07   0.262583E+01
   0.157129E-02   0.613078E+07   0.613050E+07   0.606259E+06   0.610137E+06   0.555744E+07   0.612428E+07   0.613074E+07   0.612470E+07  -0.584815E+00   0.601484E+07   0.601482E+07   0.285524E+01
   0.173654E-02   0.611065E+07   0.611032E+07   0.546560E+06   0.547940E+06   0.543902E+07   0.610304E+07   0.611060E+07   0.610342E+07  -0.582758E+00   0.599416E+07   0.599415E+07   0.310182E+01
   0.191918E-02   0.608736E+07   0.608695E+07   0.498502E+06   0.496826E+06   0.531036E+07   0.607855E+07   0.608729E+07   0.607889E+07  -0.580398E+00   0.597032E+07   0.597030E+07   0.336710E+01
   0.212102E-02   0.606043E+07   0.605993E+07   0.421343E+06   0.418275E+06   0.516635E+07   0.605028E+07   0.606035E+07   0.605058E+07  -0.577683E+00   0.594283E+07   0.594281E+07   0.365266E+01
   0.234409E-02   0.602948E+07   0.602888E+07   0.317141E+06   0.315688E+06   0.501005E+07   0.601791E+07   0.602939E+07   0.601813E+07  -0.574577E+00   0.591134E+07   0.591132E+07   0.395997E+01
   0.259062E-02   0.599412E+07   0.599338E+07   0.228128E+06   0.229655E+06   0.484462E+07   0.598106E+07   0.599400E+07   0.598122E+07  -0.571044E+00   0.587550E+07   0.587547E+07   0.429045E+01
   0.286307E-02   0.595391E+07   0.595302E+07   0.188160E+06   0.190183E+06   0.467189E+07   0.593934E+07   0.595377E+07   0.593947E+07  -0.567048E+00   0.583489E+07   0.583486E+07   0.464557E+01
   0.316418E-02   0.590845E+07   0.590737E+07   0.174319E+06   0.173606E+06   0.449332E+07   0.589235E+07   0.590828E+07   0.589248E+07  -0.562552E+00   0.578914E+07   0.578909E+07   0.502709E+01
   0.349696E-02   0.585735E+07   0.585603E+07   0.140315E+06   0.138687E+06   0.430998E+07   0.583972E+07   0.585714E+07   0.583982E+07  -0.557519E+00   0.573786E+07   0.573781E+07   0.543685E+01
   0.386474E-02   0.580020E+07   0.579860E+07   0.991558E+05   0.100224E+06   0.412186E+07   0.578106E+07   0.579995E+07   0.578113E+07  -0.551912E+00   0.568070E+07   0.568064E+07   0.587656E+01
   0.427120E-02   0.573663E+07   0.573469E+07   0.877266E+05   0.882650E+05   0.392773E+07   0.571597E+07   0.573633E+07   0.571603E+07  -0.545691E+00   0.561727E+07   0.561720E+07   0.634789E+01
   0.472041E-02   0.566624E+07   0.566390E+07   0.742837E+05   0.726213E+05   0.372641E+07   0.564404E+07   0.566588E+07   0.564410E+07  -0.538820E+00   0.554717E+07   0.554708E+07   0.685252E+01
   0.521686E-02   0.558864E+07   0.558580E+07   0.539945E+05   0.535011E+05   0.351805E+07   0.556489E+07   0.558820E+07   0.556493E+07  -0.531260E+00   0.547001E+07   0.546991E+07   0.739193E+01
   0.576552E-02   0.550343E+07   0.550000E+07   0.518719E+05   0.480654E+05   0.330476E+07   0.547815E+07   0.550289E+07   0.547818E+07  -0.522974E+00   0.538540E+07   0.538528E+07   0.796723E+01
   0.637188E-02   0.541020E+07   0.540606E+07   0.359085E+05   0.346740E+05   0.308930E+07   0.538343E+07   0.540955E+07   0.538346E+07  -0.513929E+00   0.529296E+07   0.529282E+07   0.857916E+01
   0.704202E-02   0.530856E+07   0.530357E+07   0.305738E+05   0.307359E+05   0.287227E+07   0.528036E+07   0.530778E+07   0.528039E+07  -0.504087E+00   0.519232E+07   0.519215E+07   0.922769E+01
   0.778264E-02   0.519810E+07   0.519210E+07   0.228941E+05   0.229071E+05   0.265226E+07   0.516852E+07   0.519717E+07   0.516853E+07  -0.493407E+00   0.508306E+07   0.508285E+07   0.991179E+01
   0.860115E-02   0.507839E+07   0.507119E+07   0.184523E+05   0.183633E+05   0.243119E+07   0.504748E+07   0.507727E+07   0.504749E+07  -0.481851E+00   0.496475E+07   0.496451E+07   0.106290E+02
   0.950573E-02   0.494903E+07   0.494041E+07   0.164962E+05   0.155475E+05   0.221547E+07   0.491692E+07   0.494768E+07   0.491693E+07  -0.469386E+00   0.483704E+07   0.483676E+07   0.113750E+02
   0.105055E-01   0.480964E+07   0.479934E+07   0.126522E+05   0.122517E+05   0.200684E+07   0.477649E+07   0.480803E+07   0.477650E+07  -0.455978E+00   0.469958E+07   0.469925E+07   0.121428E+02
   0.116103E-01   0.465986E+07   0.464761E+07   0.945581E+04   0.955583E+04   0.180303E+07   0.462580E+07   0.465795E+07   0.462581E+07  -0.441592E+00   0.455201E+07   0.455162E+07   0.129222E+02
   0.128314E-01   0.449932E+07   0.448481E+07   0.688815E+04   0.757705E+04   0.160674E+07   0.446452E+07   0.449706E+07   0.446452E+07  -0.426194E+00   0.439396E+07   0.439350E+07   0.136986E+02
   0.141809E-01   0.432772E+07   0.431062E+07   0.558580E+04   0.609488E+04   0.142022E+07   0.429234E+07   0.432505E+07   0.429235E+07  -0.409757E+00   0.422514E+07   0.422460E+07   0.144519E+02
   0.156723E-01   0.414485E+07   0.412482E+07   0.517616E+04   0.478992E+04   0.124511E+07   0.410911E+07   0.414172E+07   0.410911E+07  -0.392264E+00   0.404536E+07   0.404474E+07   0.151559E+02
   0.173206E-01   0.395069E+07   0.392740E+07   0.348250E+04   0.352081E+04   0.108043E+07   0.391478E+07   0.394705E+07   0.391478E+07  -0.373712E+00   0.385461E+07   0.385389E+07   0.157766E+02
   0.191422E-01   0.374548E+07   0.371864E+07   0.280603E+04   0.290495E+04   0.928814E+06   0.370962E+07   0.374129E+07   0.370963E+07  -0.354128E+00   0.365312E+07   0.365230E+07   0.162717E+02
   0.211554E-01   0.352989E+07   0.349930E+07   0.247909E+04   0.211562E+04   0.789629E+06   0.349432E+07   0.352512E+07   0.349432E+07  -0.333574E+00   0.344156E+07   0.344064E+07   0.165907E+02
   0.233803E-01   0.330520E+07   0.327081E+07   0.156884E+04   0.162784E+04   0.664291E+06   0.327016E+07   0.329983E+07   0.327016E+07  -0.312175E+00   0.322121E+07   0.322019E+07   0.166756E+02
   0.258393E-01   0.307349E+07   0.303546E+07   0.153026E+04   0.123791E+04   0.552242E+06   0.303923E+07   0.306755E+07   0.303924E+07  -0.290130E+00   0.299411E+07   0.299300E+07   0.164642E+02
   0.285568E-01   0.283786E+07   0.279666E+07   0.944148E+03   0.937986E+03   0.454060E+06   0.280466E+07   0.283143E+07   0.280466E+07  -0.267737E+00   0.276335E+07   0.276216E+07   0.158963E+02
   0.315601E-01   0.260257E+07   0.255906E+07   0.840781E+03   0.739092E+03   0.369107E+06   0.257071E+07   0.259578E+07   0.257071E+07  -0.245403E+00   0.253312E+07   0.253189E+07   0.149230E+02
   0.348794E-01   0.237300E+07   0.232847E+07   0.566579E+03   0.540398E+03   0.296972E+06   0.234275E+07   0.236605E+07   0.234275E+07  -0.223642E+00   0.230873E+07   0.230750E+07   0.135210E+02
   0.385477E-01   0.215530E+07   0.211148E+07   0.422309E+03   0.401372E+03   0.237076E+06   0.212694E+07   0.214846E+07   0.212694E+07  -0.203041E+00   0.209625E+07   0.209507E+07   0.117102E+02
   0.426017E-01   0.195563E+07   0.191454E+07   0.264631E+03   0.303787E+03   0.188371E+06   0.192939E+07   0.194922E+07   0.192939E+07  -0.184182E+00   0.190170E+07   0.190063E+07   0.957243E+01
   0.470822E-01   0.177874E+07   0.174243E+07   0.210918E+03   0.220826E+03   0.149445E+06   0.175479E+07   0.177307E+07   0.175479E+07  -0.167515E+00   0.172972E+07   0.172883E+07   0.726474E+01
   0.520339E-01   0.162626E+07   0.159635E+07   0.158419E+03   0.166787E+03   0.118758E+06   0.160467E+07   0.162159E+07   0.160467E+07  -0.153184E+00   0.158182E+07   0.158114E+07   0.501724E+01
   0.575064E-01   0.149500E+07   0.147210E+07   0.100915E+03   0.123906E+03   0.945740E+05   0.147570E+07   0.149143E+07   0.147570E+07  -0.140872E+00   0.145475E+07   0.145428E+07   0.310286E+01
   0.635544E-01   0.137649E+07   0.135973E+07   0.102988E+03   0.944913E+02   0.751463E+05   0.135925E+07   0.137387E+07   0.135925E+07  -0.129756E+00   0.134000E+07   0.133971E+07   0.177079E+01
   0.702384E-01   0.125897E+07   0.124598E+07   0.497572E+02   0.694293E+02   0.591145E+05   0.124346E+07   0.125694E+07   0.124346E+07  -0.118702E+00   0.122589E+07   0.122568E+07   0.114778E+01
   0.776255E-01   0.113282E+07   0.112045E+07   0.504782E+02   0.514463E+02   0.455772E+05   0.111867E+07   0.113089E+07   0.111867E+07  -0.106790E+00   0.110293E+07   0.110269E+07   0.114555E+01
   0.857894E-01   0.997725E+06   0.983552E+06   0.403417E+02   0.364050E+02   0.342767E+05   0.984691E+06   0.995513E+06   0.984691E+06  -0.939997E-01   0.970882E+06   0.970559E+06   0.144177E+01
   0.948120E-01   0.866385E+06   0.850378E+06   0.302814E+02   0.264813E+02   0.253363E+05   0.854446E+06   0.863886E+06   0.854446E+06  -0.815663E-01   0.842508E+06   0.842110E+06   0.160642E+01
   0.104783E+00   0.757980E+06   0.742731E+06   0.232295E+02   0.194260E+02   0.188220E+05   0.747305E+06   0.755600E+06   0.747305E+06  -0.713385E-01   0.736888E+06   0.736514E+06   0.136529E+01
   0.115804E+00   0.680735E+06   0.669262E+06   0.127237E+02   0.143171E+02   0.143260E+05   0.671462E+06   0.678944E+06   0.671462E+06  -0.640984E-01   0.662104E+06   0.661853E+06   0.828339E+00
   0.127983E+00   0.619037E+06   0.611486E+06   0.873852E+01   0.106234E+02   0.110145E+05   0.611026E+06   0.617858E+06   0.611026E+06  -0.583292E-01   0.602509E+06   0.602373E+06   0.405238E+00
   0.141443E+00   0.547977E+06   0.541245E+06   0.766052E+01   0.770106E+01   0.821727E+04   0.540861E+06   0.546926E+06   0.540861E+06  -0.516312E-01   0.533333E+06   0.533201E+06   0.355608E+00
   0.156318E+00   0.468088E+06   0.460106E+06   0.405415E+01   0.542335E+01   0.589740E+04   0.461653E+06   0.466842E+06   0.461653E+06  -0.440698E-01   0.455245E+06   0.455058E+06   0.459122E+00
   0.172759E+00   0.406038E+06   0.398764E+06   0.419916E+01   0.357740E+01   0.429121E+04   0.400393E+06   0.404903E+06   0.400393E+06  -0.382219E-01   0.394842E+06   0.394674E+06   0.370661E+00
   0.190928E+00   0.364543E+06   0.359640E+06   0.327446E+01   0.269068E+01   0.322791E+04   0.359719E+06   0.363778E+06   0.359719E+06  -0.343391E-01   0.354727E+06   0.354631E+06   0.192157E+00
   0.211008E+00   0.317316E+06   0.312771E+06   0.235634E+01   0.194423E+01   0.234732E+04   0.313068E+06   0.316606E+06   0.313068E+06  -0.298858E-01   0.308729E+06   0.308632E+06   0.175341E+00
   0.233200E+00   0.270871E+06   0.266261E+06   0.169075E+01   0.140093E+01   0.167046E+04   0.267129E+06   0.270152E+06   0.267129E+06  -0.255004E-01   0.263432E+06   0.263327E+06   0.171585E+00
   0.257726E+00   0.239299E+06   0.235920E+06   0.921551E+00   0.102256E+01   0.122921E+04   0.236097E+06   0.238771E+06   0.236097E+06  -0.225381E-01   0.232827E+06   0.232758E+06   0.102398E+00
   0.284831E+00   0.205723E+06   0.202515E+06   0.895985E+00   0.720497E+00   0.878113E+03   0.202922E+06   0.205222E+06   0.202922E+06  -0.193711E-01   0.200114E+06   0.200043E+06   0.946138E-01
   0.314787E+00   0.178077E+06   0.175381E+06   0.497711E+00   0.470402E+00   0.630882E+03   0.175663E+06   0.177656E+06   0.175663E+06  -0.167690E-01   0.173233E+06   0.173175E+06   0.696219E-01
   0.347893E+00   0.153745E+06   0.151402E+06   0.430223E+00   0.335734E+00   0.451385E+03   0.151658E+06   0.153379E+06   0.151658E+06  -0.144774E-01   0.149560E+06   0.149510E+06   0.556241E-01
   0.384481E+00   0.132476E+06   0.130481E+06   0.251475E+00   0.232700E+00   0.321917E+03   0.130680E+06   0.132164E+06   0.130680E+06  -0.124748E-01   0.128873E+06   0.128830E+06   0.422382E-01
   0.424918E+00   0.113747E+06   0.112002E+06   0.165859E+00   0.164312E+00   0.228477E+03   0.112200E+06   0.113475E+06   0.112200E+06  -0.107107E-01   0.110649E+06   0.110611E+06   0.338904E-01
   0.469607E+00   0.978065E+05   0.963308E+05   0.122034E+00   0.126452E+00   0.162213E+03   0.964795E+05   0.975761E+05   0.964795E+05  -0.921003E-02   0.951458E+05   0.951143E+05   0.256786E-01
   0.518996E+00   0.837935E+05   0.825242E+05   0.879390E-01   0.796220E-01   0.114625E+03   0.826556E+05   0.835954E+05   0.826556E+05  -0.789038E-02   0.815132E+05   0.814860E+05   0.200025E-01
   0.573579E+00   0.717031E+05   0.706144E+05   0.596659E-01   0.625036E-01   0.808290E+02   0.707287E+05   0.715331E+05   0.707287E+05  -0.675184E-02   0.697513E+05   0.697280E+05   0.155434E-01
   0.633902E+00   0.612864E+05   0.603565E+05   0.417090E-01   0.388746E-01   0.568814E+02   0.604536E+05   0.611413E+05   0.604536E+05  -0.577096E-02   0.596182E+05   0.595983E+05   0.120089E-01
   0.700571E+00   0.523116E+05   0.515184E+05   0.297397E-01   0.310364E-01   0.399442E+02   0.516007E+05   0.521878E+05   0.516007E+05  -0.492586E-02   0.508877E+05   0.508708E+05   0.926557E-02
   0.774251E+00   0.445935E+05   0.439175E+05   0.206303E-01   0.211352E-01   0.279950E+02   0.439875E+05   0.444880E+05   0.439875E+05  -0.419909E-02   0.433797E+05   0.433652E+05   0.714282E-02
   0.855679E+00   0.379664E+05   0.373911E+05   0.143597E-01   0.138359E-01   0.195839E+02   0.374504E+05   0.378766E+05   0.374504E+05  -0.357506E-02   0.369330E+05   0.369207E+05   0.550075E-02
   0.945672E+00   0.322862E+05   0.317970E+05   0.100147E-01   0.956163E-02   0.136763E+02   0.318474E+05   0.322098E+05   0.318474E+05  -0.304018E-02   0.314074E+05   0.313969E+05   0.423195E-02
   0.104513E+01   0.274255E+05   0.270100E+05   0.696215E-02   0.618677E-02   0.953591E+01   0.270527E+05   0.273606E+05   0.270527E+05  -0.258248E-02   0.266790E+05   0.266701E+05   0.325252E-02
   0.115505E+01   0.232716E+05   0.229190E+05   0.483736E-02   0.422169E-02   0.663926E+01   0.229552E+05   0.232165E+05   0.229552E+05  -0.219133E-02   0.226381E+05   0.226306E+05   0.249731E-02
   0.127652E+01   0.197270E+05   0.194282E+05   0.335732E-02   0.321949E-02   0.461596E+01   0.194588E+05   0.196803E+05   0.194588E+05  -0.185756E-02   0.191900E+05   0.191836E+05   0.191573E-02
   0.141078E+01   0.167060E+05   0.164530E+05   0.232780E-02   0.196435E-02   0.320547E+01   0.164789E+05   0.166665E+05   0.164789E+05  -0.157309E-02   0.162513E+05   0.162459E+05   0.146834E-02
   0.155915E+01   0.141346E+05   0.139206E+05   0.161251E-02   0.157228E-02   0.222325E+01   0.139425E+05   0.141012E+05   0.139425E+05  -0.133096E-02   0.137499E+05   0.137453E+05   0.112454E-02
   0.172313E+01   0.119485E+05   0.117675E+05   0.111601E-02   0.112281E-02   0.154034E+01   0.117860E+05   0.119202E+05   0.117860E+05  -0.112511E-02   0.116232E+05   0.116193E+05   0.860615E-03
   0.190435E+01   0.100918E+05   0.993898E+04   0.771734E-03   0.840763E-03   0.106607E+01   0.995461E+04   0.100679E+05   0.995461E+04  -0.950277E-03   0.981711E+04   0.981383E+04   0.658194E-03
   0.210463E+01   0.851679E+04   0.838782E+04   0.533229E-03   0.464098E-03   0.737134E+00   0.840102E+04   0.849666E+04   0.840102E+04  -0.801970E-03   0.828497E+04   0.828221E+04   0.503089E-03
   0.232598E+01   0.718204E+04   0.707328E+04   0.368153E-03   0.297700E-03   0.509245E+00   0.708440E+04   0.716506E+04   0.708440E+04  -0.676284E-03   0.698655E+04   0.698421E+04   0.384341E-03
   0.257060E+01   0.605196E+04   0.596032E+04   0.253991E-03   0.196430E-03   0.351490E+00   0.596969E+04   0.603766E+04   0.596969E+04  -0.569873E-03   0.588723E+04   0.588526E+04   0.293497E-03
   0.284095E+01   0.509611E+04   0.501893E+04   0.175107E-03   0.131899E-03   0.242419E+00   0.502683E+04   0.508406E+04   0.502683E+04  -0.479866E-03   0.495739E+04   0.495573E+04   0.224054E-03
   0.313974E+01   0.428828E+04   0.422333E+04   0.120639E-03   0.120575E-03   0.167082E+00   0.422998E+04   0.427814E+04   0.422998E+04  -0.403798E-03   0.417155E+04   0.417015E+04   0.171004E-03
   0.346995E+01   0.360615E+04   0.355153E+04   0.830603E-04   0.747096E-04   0.115076E+00   0.355713E+04   0.359763E+04   0.355713E+04  -0.339567E-03   0.350800E+04   0.350681E+04   0.130503E-03
   0.383489E+01   0.303064E+04   0.298473E+04   0.571512E-04   0.645503E-04   0.791938E-01   0.298943E+04   0.302347E+04   0.298943E+04  -0.285374E-03   0.294814E+04   0.294714E+04   0.995997E-04
   0.423821E+01   0.254543E+04   0.250687E+04   0.393002E-04   0.348695E-04   0.544647E-01   0.251083E+04   0.253942E+04   0.251083E+04  -0.239686E-03   0.247615E+04   0.247530E+04   0.760311E-04
   0.468394E+01   0.213668E+04   0.210430E+04   0.270094E-04   0.297865E-04   0.374359E-01   0.210762E+04   0.213162E+04   0.210762E+04  -0.201196E-03   0.207851E+04   0.207780E+04   0.580637E-04
   0.517656E+01   0.179256E+04   0.176539E+04   0.185521E-04   0.176541E-04   0.257184E-01   0.176819E+04   0.178832E+04   0.176819E+04  -0.168793E-03   0.174377E+04   0.174317E+04   0.443709E-04
   0.572098E+01   0.150307E+04   0.148028E+04   0.127362E-04   0.129094E-04   0.176580E-01   0.148263E+04   0.149951E+04   0.148263E+04  -0.141533E-03   0.146215E+04   0.146164E+04   0.339378E-04
   0.632266E+01   0.125968E+04   0.124057E+04   0.873901E-05   0.587959E-05   0.121133E-01   0.124255E+04   0.125669E+04   0.124255E+04  -0.118615E-03   0.122539E+04   0.122496E+04   0.259895E-04
   0.698762E+01   0.105518E+04   0.103916E+04   0.599336E-05   0.527501E-05   0.831047E-02   0.104083E+04   0.105268E+04   0.104083E+04  -0.993583E-04   0.102645E+04   0.102609E+04   0.199341E-04
   0.772251E+01   0.883456E+03   0.870036E+03   0.410840E-05   0.498083E-05   0.569631E-02   0.871439E+03   0.881362E+03   0.871439E+03  -0.831885E-04   0.859405E+03   0.859095E+03   0.153200E-04
   0.853470E+01   0.739340E+03   0.728099E+03   0.281496E-05   0.314664E-05   0.390404E-02   0.729282E+03   0.737586E+03   0.729282E+03  -0.696180E-04   0.719211E+03   0.718947E+03   0.118030E-04
   0.943231E+01   0.618459E+03   0.609046E+03   0.192789E-05   0.863859E-06   0.267376E-02   0.610044E+03   0.616990E+03   0.610044E+03  -0.582354E-04   0.601620E+03   0.601395E+03   0.912073E-05
   0.104243E+02   0.517123E+03   0.509242E+03   0.131979E-05   0.361154E-06   0.183013E-02   0.510085E+03   0.515892E+03   0.510085E+03  -0.486932E-04   0.503041E+03   0.502848E+03   0.707352E-05
   0.115206E+02   0.432211E+03   0.425613E+03   0.903127E-06   0.569386E-06   0.125233E-02   0.426327E+03   0.431181E+03   0.426327E+03  -0.406976E-04   0.420441E+03   0.420275E+03   0.550932E-05
   0.127323E+02   0.361098E+03   0.355575E+03   0.617761E-06   0.656257E-06   0.856639E-03   0.356181E+03   0.360236E+03   0.356181E+03  -0.340014E-04   0.351263E+03   0.351120E+03   0.431252E-05
   0.140713E+02   0.301569E+03   0.296945E+03   0.422398E-06   0.323915E-06   0.585601E-03   0.297460E+03   0.300847E+03   0.297460E+03  -0.283959E-04   0.293354E+03   0.293229E+03   0.339518E-05
   0.155512E+02   0.251759E+03   0.247888E+03   0.288710E-06   0.180157E-08   0.400476E-03   0.248328E+03   0.251155E+03   0.248328E+03  -0.237056E-04   0.244900E+03   0.244791E+03   0.269049E-05
   0.171868E+02   0.210101E+03   0.206859E+03   0.197263E-06  -0.878738E-08   0.273593E-03   0.207235E+03   0.209595E+03   0.207235E+03  -0.197829E-04   0.204376E+03   0.204279E+03   0.214768E-05
   0.189943E+02   0.175274E+03   0.172557E+03   0.134733E-06   0.184580E-06   0.186856E-03   0.172882E+03   0.174850E+03   0.172882E+03  -0.165035E-04   0.170496E+03   0.170410E+03   0.172817E-05
   0.209920E+02   0.146170E+03   0.143893E+03   0.919929E-07   0.129255E-06   0.127576E-03   0.144173E+03   0.145815E+03   0.144173E+03  -0.137629E-04   0.142185E+03   0.142108E+03   0.140267E-05
   0.231997E+02   0.121859E+03   0.119947E+03   0.627898E-07   0.219298E-07   0.870529E-04   0.120192E+03   0.121560E+03   0.120192E+03  -0.114736E-04   0.118534E+03   0.118465E+03   0.114893E-05
   0.256397E+02   0.101558E+03   0.999523E+02   0.428433E-07   0.239524E-07   0.594058E-04   0.100167E+03   0.101307E+03   0.100167E+03  -0.956200E-05   0.987858E+02   0.987221E+02   0.950049E-06
   0.283362E+02   0.846120E+02   0.832617E+02   0.292239E-07  -0.149298E-07   0.405124E-04   0.834511E+02   0.844013E+02   0.834511E+02  -0.796633E-05   0.823013E+02   0.822425E+02   0.793198E-06
   0.313164E+02   0.704719E+02   0.693343E+02   0.199277E-07  -0.446880E-08   0.276300E-04   0.695030E+02   0.702943E+02   0.695030E+02  -0.663483E-05   0.685459E+02   0.684911E+02   0.668614E-06
   0.346099E+02   0.586771E+02   0.577167E+02   0.135845E-07   0.188011E-07   0.188257E-04   0.578683E+02   0.585272E+02   0.578683E+02  -0.552417E-05   0.570719E+02   0.570204E+02   0.568885E-06
   0.382499E+02   0.488416E+02   0.480287E+02   0.925755E-08  -0.697200E-08   0.128422E-04   0.481663E+02   0.487147E+02   0.481663E+02  -0.459800E-05   0.475040E+02   0.474551E+02   0.488361E-06
   0.422727E+02   0.406426E+02   0.399525E+02   0.630691E-08   0.743608E-08   0.874160E-05   0.400785E+02   0.405349E+02   0.400785E+02  -0.382594E-05   0.395280E+02   0.394812E+02   0.422745E-06
   0.467185E+02   0.338100E+02   0.332221E+02   0.429544E-08   0.232694E-08   0.595468E-05   0.333386E+02   0.337182E+02   0.333386E+02  -0.318254E-05   0.328812E+02   0.328361E+02   0.368756E-06
   0.516319E+02   0.281176E+02   0.276146E+02   0.292458E-08   0.418260E-09   0.405107E-05   0.277234E+02   0.280391E+02   0.277234E+02  -0.264651E-05   0.273436E+02   0.272999E+02   0.323886E-06
