#          k/h    CDM            baryon         photon         nu             mass_nu        total          no_nu          total_de       Weyl           v_CDM          v_b            v_b-v_c     
   0.581041E-05   0.198347E+08   0.198347E+08   0.264420E+08   0.264420E+08   0.198360E+08   0.198347E+08   0.198347E+08   0.198393E+08  -0.473645E+00   0.105023E+08   0.105023E+08   0.328834E-02
   0.642149E-05   0.198347E+08   0.198347E+08   0.264410E+08   0.264410E+08   0.198360E+08   0.198347E+08   0.198347E+08   0.198393E+08  -0.473645E+00   0.105023E+08   0.105023E+08   0.363418E-02
   0.709685E-05   0.198347E+08   0.198347E+08   0.264398E+08   0.264398E+08   0.198360E+08   0.198347E+08   0.198347E+08   0.198393E+08  -0.473645E+00   0.105023E+08   0.105023E+08   0.401638E-02
   0.784323E-05   0.198347E+08   0.198347E+08   0.264384E+08   0.264384E+08   0.198359E+08   0.198347E+08   0.198347E+08   0.198393E+08  -0.473645E+00   0.105023E+08   0.105023E+08   0.443877E-02
   0.866811E-05   0.198347E+08   0.198347E+08   0.264367E+08   0.264367E+08   0.198359E+08   0.198347E+08   0.198347E+08   0.198393E+08  -0.473645E+00   0.105023E+08   0.105023E+08   0.490559E-02
   0.957974E-05   0.198347E+08   0.198347E+08   0.264345E+08   0.264345E+08   0.198359E+08   0.198347E+08   0.198347E+08   0.198393E+08  -0.473645E+00   0.105023E+08   0.105023E+08   0.542149E-02
   0.105873E-04   0.198347E+08   0.198347E+08   0.264319E+08   0.264319E+08   0.198359E+08   0.198347E+08   0.198347E+08   0.198393E+08  -0.473645E+00   0.105023E+08   0.105023E+08   0.599165E-02
   0.117007E-04   0.198347E+08   0.198347E+08   0.264288E+08   0.264287E+08   0.198359E+08   0.198347E+08   0.198347E+08   0.198393E+08  -0.473644E+00   0.105023E+08   0.105023E+08   0.662175E-02
   0.129313E-04   0.198347E+08   0.198347E+08   0.264249E+08   0.264248E+08   0.198359E+08   0.198347E+08   0.198347E+08   0.198393E+08  -0.473644E+00   0.105023E+08   0.105023E+08   0.731812E-02
   0.142913E-04   0.198347E+08   0.198347E+08   0.264201E+08   0.264201E+08   0.198358E+08   0.198347E+08   0.198347E+08   0.198393E+08  -0.473644E+00   0.105023E+08   0.105023E+08   0.808770E-02
   0.157943E-04   0.198347E+08   0.198347E+08   0.264143E+08   0.264143E+08   0.198358E+08   0.198347E+08   0.198347E+08   0.198392E+08  -0.473644E+00   0.105023E+08   0.105023E+08   0.893820E-02
   0.174554E-04   0.198347E+08   0.198347E+08   0.264073E+08   0.264072E+08   0.198358E+08   0.198347E+08   0.198347E+08   0.198392E+08  -0.473644E+00   0.105023E+08   0.105023E+08   0.987811E-02
   0.192912E-04   0.198346E+08   0.198346E+08   0.263986E+08   0.263986E+08   0.198357E+08   0.198347E+08   0.198346E+08   0.198392E+08  -0.473643E+00   0.105023E+08   0.105023E+08   0.109168E-01
   0.213201E-04   0.198346E+08   0.198346E+08   0.263881E+08   0.263880E+08   0.198357E+08   0.198346E+08   0.198346E+08   0.198392E+08  -0.473643E+00   0.105023E+08   0.105023E+08   0.120647E-01
   0.235624E-04   0.198346E+08   0.198346E+08   0.263752E+08   0.263751E+08   0.198356E+08   0.198346E+08   0.198346E+08   0.198392E+08  -0.473642E+00   0.105023E+08   0.105023E+08   0.133333E-01
   0.260404E-04   0.198346E+08   0.198346E+08   0.263595E+08   0.263594E+08   0.198355E+08   0.198346E+08   0.198346E+08   0.198391E+08  -0.473641E+00   0.105022E+08   0.105022E+08   0.147351E-01
   0.287791E-04   0.198345E+08   0.198345E+08   0.263404E+08   0.263402E+08   0.198354E+08   0.198346E+08   0.198345E+08   0.198391E+08  -0.473640E+00   0.105022E+08   0.105022E+08   0.162843E-01
   0.318059E-04   0.198345E+08   0.198345E+08   0.263170E+08   0.263168E+08   0.198353E+08   0.198345E+08   0.198345E+08   0.198391E+08  -0.473639E+00   0.105022E+08   0.105022E+08   0.179961E-01
   0.351509E-04   0.198345E+08   0.198345E+08   0.262884E+08   0.262882E+08   0.198351E+08   0.198345E+08   0.198345E+08   0.198390E+08  -0.473638E+00   0.105022E+08   0.105022E+08   0.198878E-01
   0.388478E-04   0.198344E+08   0.198344E+08   0.262536E+08   0.262533E+08   0.198350E+08   0.198344E+08   0.198344E+08   0.198390E+08  -0.473636E+00   0.105022E+08   0.105022E+08   0.219780E-01
   0.429334E-04   0.198343E+08   0.198343E+08   0.262111E+08   0.262107E+08   0.198347E+08   0.198343E+08   0.198343E+08   0.198389E+08  -0.473634E+00   0.105021E+08   0.105021E+08   0.242876E-01
   0.474488E-04   0.198343E+08   0.198343E+08   0.261592E+08   0.261588E+08   0.198344E+08   0.198343E+08   0.198343E+08   0.198388E+08  -0.473632E+00   0.105021E+08   0.105021E+08   0.268394E-01
   0.524390E-04   0.198342E+08   0.198342E+08   0.260961E+08   0.260955E+08   0.198341E+08   0.198342E+08   0.198342E+08   0.198387E+08  -0.473629E+00   0.105020E+08   0.105020E+08   0.296587E-01
   0.579541E-04   0.198340E+08   0.198340E+08   0.260191E+08   0.260185E+08   0.198337E+08   0.198340E+08   0.198340E+08   0.198385E+08  -0.473625E+00   0.105019E+08   0.105019E+08   0.327733E-01
   0.640491E-04   0.198339E+08   0.198339E+08   0.259254E+08   0.259246E+08   0.198332E+08   0.198339E+08   0.198339E+08   0.198384E+08  -0.473621E+00   0.105019E+08   0.105019E+08   0.362139E-01
   0.707853E-04   0.198337E+08   0.198337E+08   0.258113E+08   0.258104E+08   0.198326E+08   0.198337E+08   0.198337E+08   0.198381E+08  -0.473615E+00   0.105018E+08   0.105018E+08   0.400142E-01
   0.782298E-04   0.198335E+08   0.198335E+08   0.256726E+08   0.256715E+08   0.198318E+08   0.198334E+08   0.198335E+08   0.198379E+08  -0.473609E+00   0.105016E+08   0.105016E+08   0.442112E-01
   0.864573E-04   0.198332E+08   0.198332E+08   0.255042E+08   0.255028E+08   0.198309E+08   0.198332E+08   0.198332E+08   0.198376E+08  -0.473601E+00   0.105015E+08   0.105015E+08   0.488457E-01
   0.955501E-04   0.198329E+08   0.198328E+08   0.252998E+08   0.252981E+08   0.198298E+08   0.198328E+08   0.198329E+08   0.198372E+08  -0.473591E+00   0.105013E+08   0.105013E+08   0.539623E-01
   0.105599E-03   0.198324E+08   0.198324E+08   0.250521E+08   0.250501E+08   0.198284E+08   0.198324E+08   0.198324E+08   0.198367E+08  -0.473579E+00   0.105011E+08   0.105011E+08   0.596100E-01
   0.116705E-03   0.198319E+08   0.198319E+08   0.247527E+08   0.247503E+08   0.198267E+08   0.198319E+08   0.198319E+08   0.198362E+08  -0.473564E+00   0.105008E+08   0.105008E+08   0.658422E-01
   0.128979E-03   0.198313E+08   0.198313E+08   0.243914E+08   0.243885E+08   0.198246E+08   0.198312E+08   0.198313E+08   0.198355E+08  -0.473547E+00   0.105005E+08   0.105005E+08   0.727170E-01
   0.142544E-03   0.198306E+08   0.198306E+08   0.239567E+08   0.239532E+08   0.198221E+08   0.198305E+08   0.198306E+08   0.198346E+08  -0.473525E+00   0.105001E+08   0.105001E+08   0.802977E-01
   0.157535E-03   0.198297E+08   0.198297E+08   0.234353E+08   0.234312E+08   0.198191E+08   0.198295E+08   0.198297E+08   0.198336E+08  -0.473499E+00   0.104996E+08   0.104996E+08   0.886529E-01
   0.174104E-03   0.198285E+08   0.198285E+08   0.228127E+08   0.228078E+08   0.198154E+08   0.198284E+08   0.198285E+08   0.198323E+08  -0.473467E+00   0.104990E+08   0.104990E+08   0.978563E-01
   0.192414E-03   0.198272E+08   0.198272E+08   0.220728E+08   0.220671E+08   0.198108E+08   0.198270E+08   0.198272E+08   0.198308E+08  -0.473428E+00   0.104982E+08   0.104982E+08   0.107987E+00
   0.212651E-03   0.198255E+08   0.198255E+08   0.211990E+08   0.211925E+08   0.198053E+08   0.198253E+08   0.198255E+08   0.198290E+08  -0.473380E+00   0.104973E+08   0.104973E+08   0.119130E+00
   0.235015E-03   0.198235E+08   0.198235E+08   0.201750E+08   0.201675E+08   0.197985E+08   0.198233E+08   0.198235E+08   0.198267E+08  -0.473323E+00   0.104962E+08   0.104962E+08   0.131373E+00
   0.259732E-03   0.198211E+08   0.198211E+08   0.189862E+08   0.189779E+08   0.197903E+08   0.198207E+08   0.198211E+08   0.198240E+08  -0.473254E+00   0.104949E+08   0.104949E+08   0.144811E+00
   0.287048E-03   0.198181E+08   0.198181E+08   0.176224E+08   0.176132E+08   0.197803E+08   0.198177E+08   0.198181E+08   0.198207E+08  -0.473170E+00   0.104933E+08   0.104933E+08   0.159541E+00
   0.317237E-03   0.198145E+08   0.198145E+08   0.160801E+08   0.160703E+08   0.197681E+08   0.198140E+08   0.198145E+08   0.198168E+08  -0.473069E+00   0.104913E+08   0.104913E+08   0.175661E+00
   0.350602E-03   0.198102E+08   0.198102E+08   0.143677E+08   0.143576E+08   0.197533E+08   0.198095E+08   0.198102E+08   0.198120E+08  -0.472948E+00   0.104889E+08   0.104889E+08   0.193274E+00
   0.387475E-03   0.198049E+08   0.198049E+08   0.125091E+08   0.124992E+08   0.197353E+08   0.198041E+08   0.198049E+08   0.198063E+08  -0.472803E+00   0.104860E+08   0.104860E+08   0.212481E+00
   0.428226E-03   0.197985E+08   0.197985E+08   0.105492E+08   0.105401E+08   0.197135E+08   0.197976E+08   0.197985E+08   0.197994E+08  -0.472629E+00   0.104826E+08   0.104826E+08   0.233382E+00
   0.473263E-03   0.197909E+08   0.197908E+08   0.855709E+07   0.854968E+07   0.196872E+08   0.197897E+08   0.197909E+08   0.197912E+08  -0.472422E+00   0.104784E+08   0.104784E+08   0.256079E+00
   0.523036E-03   0.197816E+08   0.197816E+08   0.662609E+07   0.662111E+07   0.196553E+08   0.197802E+08   0.197816E+08   0.197814E+08  -0.472176E+00   0.104733E+08   0.104733E+08   0.280674E+00
   0.578045E-03   0.197706E+08   0.197705E+08   0.486728E+07   0.486531E+07   0.196168E+08   0.197688E+08   0.197706E+08   0.197697E+08  -0.471885E+00   0.104673E+08   0.104673E+08   0.307271E+00
   0.638838E-03   0.197574E+08   0.197573E+08   0.339356E+07   0.339472E+07   0.195705E+08   0.197552E+08   0.197574E+08   0.197558E+08  -0.471542E+00   0.104600E+08   0.104600E+08   0.335985E+00
   0.706025E-03   0.197416E+08   0.197415E+08   0.229286E+07   0.229648E+07   0.195148E+08   0.197390E+08   0.197416E+08   0.197394E+08  -0.471138E+00   0.104514E+08   0.104514E+08   0.366950E+00
   0.780278E-03   0.197229E+08   0.197228E+08   0.159457E+07   0.159911E+07   0.194483E+08   0.197198E+08   0.197229E+08   0.197201E+08  -0.470665E+00   0.104412E+08   0.104412E+08   0.400326E+00
   0.862341E-03   0.197007E+08   0.197006E+08   0.124203E+07   0.124541E+07   0.193691E+08   0.196970E+08   0.197007E+08   0.196972E+08  -0.470110E+00   0.104291E+08   0.104291E+08   0.436293E+00
   0.953034E-03   0.196745E+08   0.196744E+08   0.109324E+07   0.109378E+07   0.192751E+08   0.196700E+08   0.196745E+08   0.196702E+08  -0.469459E+00   0.104148E+08   0.104148E+08   0.475077E+00
   0.105327E-02   0.196437E+08   0.196435E+08   0.971183E+06   0.968872E+06   0.191641E+08   0.196383E+08   0.196437E+08   0.196384E+08  -0.468696E+00   0.103980E+08   0.103980E+08   0.516917E+00
   0.116404E-02   0.196075E+08   0.196073E+08   0.758936E+06   0.755988E+06   0.190337E+08   0.196010E+08   0.196074E+08   0.196011E+08  -0.467803E+00   0.103783E+08   0.103783E+08   0.562074E+00
   0.128646E-02   0.195651E+08   0.195649E+08   0.480601E+06   0.479949E+06   0.188817E+08   0.195574E+08   0.195651E+08   0.195575E+08  -0.466758E+00   0.103553E+08   0.103553E+08   0.610798E+00
   0.142176E-02   0.195156E+08   0.195154E+08   0.270961E+06   0.273023E+06   0.187056E+08   0.195064E+08   0.195156E+08   0.195065E+08  -0.465539E+00   0.103285E+08   0.103285E+08   0.663353E+00
   0.157129E-02   0.194580E+08   0.194577E+08   0.210729E+06   0.212234E+06   0.185034E+08   0.194472E+08   0.194579E+08   0.194472E+08  -0.464122E+00   0.102972E+08   0.102972E+08   0.720008E+00
   0.173654E-02   0.193912E+08   0.193908E+08   0.204889E+06   0.203490E+06   0.182735E+08   0.193786E+08   0.193911E+08   0.193786E+08  -0.462482E+00   0.102611E+08   0.102611E+08   0.781078E+00
   0.191918E-02   0.193142E+08   0.193138E+08   0.130644E+06   0.129540E+06   0.180214E+08   0.192996E+08   0.193142E+08   0.192996E+08  -0.460596E+00   0.102195E+08   0.102195E+08   0.846893E+00
   0.212102E-02   0.192255E+08   0.192250E+08   0.568550E+05   0.583284E+05   0.177352E+08   0.192087E+08   0.192254E+08   0.192087E+08  -0.458424E+00   0.101716E+08   0.101715E+08   0.917792E+00
   0.234409E-02   0.191239E+08   0.191233E+08   0.625031E+05   0.619822E+05   0.174182E+08   0.191046E+08   0.191238E+08   0.191046E+08  -0.455940E+00   0.101167E+08   0.101167E+08   0.994134E+00
   0.259062E-02   0.190082E+08   0.190074E+08   0.395779E+05   0.375272E+05   0.170736E+08   0.189863E+08   0.190081E+08   0.189863E+08  -0.453115E+00   0.100544E+08   0.100544E+08   0.107631E+01
   0.286307E-02   0.188771E+08   0.188761E+08   0.162983E+05   0.141433E+05   0.167011E+08   0.188524E+08   0.188769E+08   0.188525E+08  -0.449920E+00   0.998387E+07   0.998386E+07   0.116471E+01
   0.316418E-02   0.187293E+08   0.187281E+08   0.235679E+05   0.180105E+05   0.162994E+08   0.187018E+08   0.187291E+08   0.187018E+08  -0.446323E+00   0.990448E+07   0.990446E+07   0.125976E+01
   0.349696E-02   0.185636E+08   0.185622E+08   0.120764E+04   0.921804E+03   0.158670E+08   0.185330E+08   0.185634E+08   0.185330E+08  -0.442296E+00   0.981557E+07   0.981555E+07   0.136189E+01
   0.386474E-02   0.183787E+08   0.183771E+08   0.420657E+04   0.408737E+04   0.154022E+08   0.183450E+08   0.183785E+08   0.183450E+08  -0.437808E+00   0.971649E+07   0.971647E+07   0.147153E+01
   0.427120E-02   0.181735E+08   0.181715E+08   0.659705E+02  -0.745326E+03   0.149024E+08   0.181364E+08   0.181732E+08   0.181364E+08  -0.432829E+00   0.960657E+07   0.960655E+07   0.158911E+01
   0.472041E-02   0.179466E+08   0.179442E+08  -0.497231E+04  -0.461356E+04   0.143668E+08   0.179060E+08   0.179462E+08   0.179060E+08  -0.427329E+00   0.948514E+07   0.948512E+07   0.171504E+01
   0.521686E-02   0.176968E+08   0.176939E+08  -0.930237E+03  -0.255116E+04   0.137975E+08   0.176525E+08   0.176963E+08   0.176525E+08  -0.421280E+00   0.935156E+07   0.935153E+07   0.184969E+01
   0.576552E-02   0.174229E+08   0.174193E+08   0.568983E+03  -0.210906E+04   0.131984E+08   0.173748E+08   0.174223E+08   0.173748E+08  -0.414652E+00   0.920518E+07   0.920514E+07   0.199333E+01
   0.637188E-02   0.171236E+08   0.171193E+08  -0.149309E+04   0.758226E+04   0.125714E+08   0.170717E+08   0.171229E+08   0.170717E+08  -0.407419E+00   0.904538E+07   0.904534E+07   0.214614E+01
   0.704202E-02   0.167977E+08   0.167926E+08  -0.141708E+04   0.102191E+05   0.119156E+08   0.167420E+08   0.167969E+08   0.167420E+08  -0.399550E+00   0.887151E+07   0.887146E+07   0.230812E+01
   0.778264E-02   0.164439E+08   0.164377E+08  -0.153783E+04   0.973959E+04   0.112330E+08   0.163843E+08   0.164429E+08   0.163843E+08  -0.391014E+00   0.868286E+07   0.868281E+07   0.247901E+01
   0.860115E-02   0.160608E+08   0.160534E+08  -0.129713E+04   0.772928E+04   0.105326E+08   0.159975E+08   0.160597E+08   0.159975E+08  -0.381782E+00   0.847879E+07   0.847872E+07   0.265819E+01
   0.950573E-02   0.156474E+08   0.156385E+08  -0.239506E+04   0.651597E+04   0.982189E+07   0.155805E+08   0.156460E+08   0.155805E+08  -0.371830E+00   0.825870E+07   0.825862E+07   0.284458E+01
   0.105055E-01   0.152024E+08   0.151918E+08  -0.997858E+03   0.551120E+04   0.910220E+07   0.151322E+08   0.152007E+08   0.151322E+08  -0.361130E+00   0.802201E+07   0.802192E+07   0.303644E+01
   0.116103E-01   0.147247E+08   0.147121E+08  -0.964201E+03   0.448648E+04   0.837839E+07   0.146514E+08   0.147227E+08   0.146514E+08  -0.349656E+00   0.776812E+07   0.776801E+07   0.323120E+01
   0.128314E-01   0.142132E+08   0.141983E+08  -0.724677E+03   0.341526E+04   0.765701E+07   0.141371E+08   0.142108E+08   0.141371E+08  -0.337383E+00   0.749645E+07   0.749632E+07   0.342520E+01
   0.141809E-01   0.136669E+08   0.136493E+08  -0.595179E+03   0.272486E+04   0.694572E+07   0.135886E+08   0.136641E+08   0.135886E+08  -0.324292E+00   0.720654E+07   0.720638E+07   0.361347E+01
   0.156723E-01   0.130852E+08   0.130647E+08  -0.365869E+03   0.222259E+04   0.624865E+07   0.130052E+08   0.130820E+08   0.130052E+08  -0.310369E+00   0.689809E+07   0.689791E+07   0.378941E+01
   0.173206E-01   0.124682E+08   0.124443E+08  -0.608328E+03   0.159941E+04   0.557206E+07   0.123869E+08   0.124644E+08   0.123869E+08  -0.295614E+00   0.657108E+07   0.657088E+07   0.394452E+01
   0.191422E-01   0.118165E+08   0.117889E+08  -0.159878E+03   0.128951E+04   0.492152E+07   0.117347E+08   0.118122E+08   0.117347E+08  -0.280049E+00   0.622598E+07   0.622574E+07   0.406825E+01
   0.211554E-01   0.111324E+08   0.111010E+08  -0.170527E+03   0.983849E+03   0.430351E+07   0.110507E+08   0.111275E+08   0.110507E+08  -0.263726E+00   0.586392E+07   0.586366E+07   0.414794E+01
   0.233803E-01   0.104199E+08   0.103846E+08  -0.264895E+03   0.749344E+03   0.372291E+07   0.103391E+08   0.104144E+08   0.103391E+08  -0.246743E+00   0.548709E+07   0.548680E+07   0.416912E+01
   0.258393E-01   0.968566E+07   0.964665E+07  -0.213273E+03   0.564161E+03   0.318480E+07   0.960653E+07   0.967957E+07   0.960653E+07  -0.229260E+00   0.509902E+07   0.509870E+07   0.411624E+01
   0.285568E-01   0.893959E+07   0.889735E+07  -0.121105E+03   0.422488E+03   0.269344E+07   0.886283E+07   0.893300E+07   0.886283E+07  -0.211511E+00   0.470492E+07   0.470458E+07   0.397424E+01
   0.315601E-01   0.819523E+07   0.815063E+07  -0.119350E+03   0.339910E+03   0.225288E+07   0.812152E+07   0.818827E+07   0.812152E+07  -0.193820E+00   0.431197E+07   0.431162E+07   0.373089E+01
   0.348794E-01   0.746964E+07   0.742402E+07  -0.469251E+02   0.253074E+03   0.186546E+07   0.739958E+07   0.746252E+07   0.739958E+07  -0.176591E+00   0.392918E+07   0.392883E+07   0.338035E+01
   0.385477E-01   0.678237E+07   0.673751E+07  -0.569681E+02   0.177191E+03   0.153224E+07   0.671640E+07   0.677537E+07   0.671640E+07  -0.160287E+00   0.356686E+07   0.356652E+07   0.292763E+01
   0.426017E-01   0.615285E+07   0.611082E+07  -0.428405E+02   0.135181E+03   0.125210E+07   0.609125E+07   0.614629E+07   0.609125E+07  -0.145367E+00   0.323524E+07   0.323494E+07   0.239318E+01
   0.470822E-01   0.559605E+07   0.555895E+07  -0.195836E+02   0.970250E+02   0.102155E+07   0.553888E+07   0.559026E+07   0.553888E+07  -0.132185E+00   0.294219E+07   0.294193E+07   0.181625E+01
   0.520339E-01   0.511691E+07   0.508640E+07  -0.309876E+02   0.779753E+02   0.834485E+06   0.506404E+07   0.511215E+07   0.506404E+07  -0.120853E+00   0.269024E+07   0.269004E+07   0.125436E+01
   0.575064E-01   0.470502E+07   0.468171E+07  -0.203196E+02   0.560022E+02   0.682746E+06   0.465619E+07   0.470138E+07   0.465619E+07  -0.111120E+00   0.247381E+07   0.247368E+07   0.775761E+00
   0.635544E-01   0.433313E+07   0.431611E+07  -0.104691E+02   0.413252E+02   0.557254E+06   0.428804E+07   0.433047E+07   0.428804E+07  -0.102334E+00   0.227842E+07   0.227833E+07   0.442737E+00
   0.702384E-01   0.396368E+07   0.395051E+07  -0.409405E+01   0.310479E+02   0.449961E+06   0.392214E+07   0.396163E+07   0.392214E+07  -0.936016E-01   0.208417E+07   0.208411E+07   0.286978E+00
   0.776255E-01   0.356609E+07   0.355351E+07  -0.108918E+02   0.236069E+02   0.355942E+06   0.352804E+07   0.356412E+07   0.352804E+07  -0.841966E-01   0.187490E+07   0.187484E+07   0.286413E+00
   0.857894E-01   0.313954E+07   0.312508E+07  -0.632127E+01   0.174312E+02   0.274475E+06   0.310509E+07   0.313729E+07   0.310509E+07  -0.741029E-01   0.165026E+07   0.165016E+07   0.360465E+00
   0.948120E-01   0.272490E+07   0.270854E+07   0.169956E+01   0.120659E+02   0.207900E+06   0.269407E+07   0.272234E+07   0.269407E+07  -0.642938E-01   0.143191E+07   0.143179E+07   0.401623E+00
   0.104783E+00   0.238343E+07   0.236785E+07  -0.127397E+01   0.880496E+01   0.158166E+06   0.235600E+07   0.238100E+07   0.235600E+07  -0.562260E-01   0.125230E+07   0.125219E+07   0.341337E+00
   0.115804E+00   0.214120E+07   0.212950E+07  -0.183384E+01   0.608308E+01   0.123202E+06   0.211670E+07   0.213937E+07   0.211670E+07  -0.505149E-01   0.112515E+07   0.112508E+07   0.207098E+00
   0.127983E+00   0.194802E+07   0.194035E+07  -0.816982E+00   0.490483E+01   0.968767E+05   0.192602E+07   0.194683E+07   0.192602E+07  -0.459644E-01   0.102384E+07   0.102380E+07   0.101321E+00
   0.141443E+00   0.172435E+07   0.171750E+07  -0.272483E+00   0.334391E+01   0.738651E+05   0.170473E+07   0.172328E+07   0.170473E+07  -0.406833E-01   0.906244E+06   0.906207E+06   0.889115E-01
   0.156318E+00   0.147218E+07   0.146403E+07   0.818749E+00   0.244542E+01   0.541423E+05   0.145498E+07   0.147091E+07   0.145498E+07  -0.347230E-01   0.773507E+06   0.773454E+06   0.114788E+00
   0.172759E+00   0.127689E+07   0.126946E+07   0.424341E+00   0.168452E+01   0.402068E+05   0.126183E+07   0.127573E+07   0.126183E+07  -0.301136E-01   0.670849E+06   0.670801E+06   0.926721E-01
   0.190928E+00   0.114692E+07   0.114193E+07  -0.290682E+00   0.124679E+01   0.308418E+05   0.113359E+07   0.114614E+07   0.113359E+07  -0.270532E-01   0.602685E+06   0.602658E+06   0.480453E-01
   0.211008E+00   0.998224E+06   0.993594E+06  -0.465356E-01   0.858389E+00   0.228557E+05   0.986540E+06   0.997501E+06   0.986540E+06  -0.235437E-01   0.524516E+06   0.524488E+06   0.438405E-01
   0.233200E+00   0.851864E+06   0.847161E+06  -0.147488E+00   0.622217E+00   0.165624E+05   0.841745E+06   0.851130E+06   0.841745E+06  -0.200882E-01   0.447543E+06   0.447513E+06   0.429009E-01
   0.257726E+00   0.752793E+06   0.749353E+06   0.377531E-01   0.433973E+00   0.124007E+05   0.743936E+06   0.752256E+06   0.743936E+06  -0.177540E-01   0.395546E+06   0.395526E+06   0.256037E-01
   0.284831E+00   0.647063E+06   0.643793E+06   0.191574E-01   0.303052E+00   0.900735E+04   0.639383E+06   0.646552E+06   0.639383E+06  -0.152588E-01   0.339962E+06   0.339941E+06   0.236572E-01
   0.314787E+00   0.560130E+06   0.557384E+06   0.727427E-02   0.220290E+00   0.657454E+04   0.553481E+06   0.559701E+06   0.553481E+06  -0.132088E-01   0.294291E+06   0.294275E+06   0.174088E-01
   0.347893E+00   0.483588E+06   0.481200E+06  -0.257635E-01   0.161988E+00   0.477548E+04   0.477835E+06   0.483215E+06   0.477835E+06  -0.114035E-01   0.254073E+06   0.254058E+06   0.139091E-01
   0.384481E+00   0.416693E+06   0.414660E+06  -0.218876E-01   0.113514E+00   0.345480E+04   0.411732E+06   0.416376E+06   0.411732E+06  -0.982597E-02   0.218927E+06   0.218915E+06   0.105623E-01
   0.424918E+00   0.357772E+06   0.355993E+06  -0.197470E-01   0.739399E-01   0.248546E+04   0.353502E+06   0.357495E+06   0.353502E+06  -0.843632E-02   0.187967E+06   0.187956E+06   0.847516E-02
   0.469607E+00   0.307640E+06   0.306136E+06  -0.165567E-01   0.588285E-01   0.178745E+04   0.303969E+06   0.307405E+06   0.303969E+06  -0.725420E-02   0.161629E+06   0.161620E+06   0.642200E-02
   0.518996E+00   0.263561E+06   0.262268E+06  -0.126634E-01   0.396082E-01   0.127844E+04   0.260412E+06   0.263359E+06   0.260412E+06  -0.621472E-02   0.138470E+06   0.138462E+06   0.500281E-02
   0.573579E+00   0.225531E+06   0.224422E+06  -0.836515E-02   0.250846E-01   0.911770E+03   0.222834E+06   0.225358E+06   0.222834E+06  -0.531792E-02   0.118489E+06   0.118482E+06   0.388786E-02
   0.633902E+00   0.192767E+06   0.191819E+06  -0.512564E-02   0.186856E-01   0.648490E+03   0.190460E+06   0.192619E+06   0.190460E+06  -0.454532E-02   0.101275E+06   0.101269E+06   0.300411E-02
   0.700571E+00   0.164538E+06   0.163730E+06  -0.357972E-02   0.124056E-01   0.459917E+03   0.162568E+06   0.164412E+06   0.162568E+06  -0.387968E-02   0.864440E+05   0.864391E+05   0.231813E-02
   0.774251E+00   0.140262E+06   0.139573E+06  -0.250513E-02   0.962993E-02   0.325302E+03   0.138582E+06   0.140154E+06   0.138582E+06  -0.330724E-02   0.736897E+05   0.736856E+05   0.178732E-02
   0.855679E+00   0.119417E+06   0.118831E+06  -0.170724E-02   0.579642E-02   0.229500E+03   0.117986E+06   0.119326E+06   0.117986E+06  -0.281574E-02   0.627385E+05   0.627350E+05   0.137670E-02
   0.945672E+00   0.101551E+06   0.101052E+06  -0.119860E-02   0.408737E-02   0.161525E+03   0.100334E+06   0.101473E+06   0.100334E+06  -0.239446E-02   0.533520E+05   0.533490E+05   0.105939E-02
   0.104513E+01   0.862622E+05   0.858389E+05  -0.833061E-03   0.324620E-02   0.113430E+03   0.852281E+05   0.861961E+05   0.852281E+05  -0.203396E-02   0.453197E+05   0.453171E+05   0.814441E-03
   0.115505E+01   0.731967E+05   0.728375E+05  -0.578776E-03   0.185953E-02   0.794869E+02   0.723190E+05   0.731407E+05   0.723190E+05  -0.172589E-02   0.384554E+05   0.384532E+05   0.625550E-03
   0.127652E+01   0.620478E+05   0.617433E+05  -0.401727E-03   0.129464E-02   0.555916E+02   0.613036E+05   0.620002E+05   0.613036E+05  -0.146301E-02   0.325981E+05   0.325962E+05   0.480073E-03
   0.141078E+01   0.525458E+05   0.522880E+05  -0.278574E-03   0.903004E-03   0.388082E+02   0.519156E+05   0.525056E+05   0.519156E+05  -0.123896E-02   0.276060E+05   0.276044E+05   0.368147E-03
   0.155915E+01   0.444580E+05   0.442399E+05  -0.192968E-03   0.733802E-03   0.270450E+02   0.439247E+05   0.444239E+05   0.439247E+05  -0.104826E-02   0.233569E+05   0.233556E+05   0.282125E-03
   0.172313E+01   0.375818E+05   0.373974E+05  -0.133554E-03   0.415942E-03   0.188170E+02   0.371309E+05   0.375530E+05   0.371309E+05  -0.886127E-03   0.197443E+05   0.197432E+05   0.216077E-03
   0.190435E+01   0.317420E+05   0.315863E+05  -0.923542E-04   0.310448E-03   0.130725E+02   0.313611E+05   0.317177E+05   0.313611E+05  -0.748432E-03   0.166763E+05   0.166753E+05   0.165408E-03
   0.210463E+01   0.267881E+05   0.266567E+05  -0.638124E-04   0.252582E-03   0.906901E+01   0.264667E+05   0.267676E+05   0.264667E+05  -0.631626E-03   0.140736E+05   0.140728E+05   0.126573E-03
   0.232598E+01   0.225898E+05   0.224790E+05  -0.440569E-04   0.179313E-03   0.628340E+01   0.223188E+05   0.225725E+05   0.223188E+05  -0.532636E-03   0.118680E+05   0.118673E+05   0.968300E-04
   0.257060E+01   0.190354E+05   0.189420E+05  -0.303953E-04   0.121595E-03   0.434810E+01   0.188070E+05   0.190208E+05   0.188070E+05  -0.448827E-03   0.100006E+05   0.100000E+05   0.740671E-04
   0.284095E+01   0.160289E+05   0.159503E+05  -0.209547E-04   0.620820E-04   0.300551E+01   0.158365E+05   0.160166E+05   0.158365E+05  -0.377938E-03   0.842108E+04   0.842060E+04   0.566577E-04
   0.313974E+01   0.134880E+05   0.134218E+05  -0.144366E-04   0.387850E-04   0.207529E+01   0.133261E+05   0.134777E+05   0.133261E+05  -0.318028E-03   0.708618E+04   0.708577E+04   0.433494E-04
   0.346995E+01   0.113425E+05   0.112868E+05  -0.993949E-05   0.255743E-04   0.143156E+01   0.112064E+05   0.113338E+05   0.112064E+05  -0.267440E-03   0.595900E+04   0.595865E+04   0.331816E-04
   0.383489E+01   0.953232E+04   0.948552E+04  -0.683891E-05   0.244108E-04   0.986622E+00   0.941791E+04   0.952502E+04   0.941791E+04  -0.224758E-03   0.500798E+04   0.500769E+04   0.254160E-04
   0.423821E+01   0.800621E+04   0.796689E+04  -0.470272E-05   0.156953E-04   0.679387E+00   0.791011E+04   0.800007E+04   0.791011E+04  -0.188774E-03   0.420621E+04   0.420596E+04   0.194866E-04
   0.468394E+01   0.672053E+04   0.668751E+04  -0.323194E-05   0.140756E-04   0.467458E+00   0.663986E+04   0.671537E+04   0.663986E+04  -0.158460E-03   0.353075E+04   0.353054E+04   0.149600E-04
   0.517656E+01   0.563819E+04   0.561047E+04  -0.221989E-05   0.439023E-05   0.321402E+00   0.557051E+04   0.563386E+04   0.557051E+04  -0.132940E-03   0.296212E+04   0.296194E+04   0.115043E-04
   0.572098E+01   0.472762E+04   0.470437E+04  -0.152394E-05   0.308449E-05   0.220828E+00   0.467087E+04   0.472399E+04   0.467087E+04  -0.111470E-03   0.248374E+04   0.248359E+04   0.886575E-05
   0.632266E+01   0.396208E+04   0.394258E+04  -0.104564E-05   0.276380E-05   0.151625E+00   0.391452E+04   0.395904E+04   0.391452E+04  -0.934198E-04   0.208155E+04   0.208142E+04   0.685047E-05
   0.698762E+01   0.331886E+04   0.330251E+04  -0.717105E-06   0.255755E-05   0.104048E+00   0.327902E+04   0.331631E+04   0.327902E+04  -0.782536E-04   0.174362E+04   0.174351E+04   0.531035E-05
   0.772251E+01   0.277874E+04   0.276504E+04  -0.491558E-06   0.202821E-05   0.713573E-01   0.274538E+04   0.277660E+04   0.274538E+04  -0.655183E-04   0.145986E+04   0.145976E+04   0.413238E-05
   0.853470E+01   0.232545E+04   0.231397E+04  -0.336796E-06   0.366961E-06   0.489116E-01   0.229753E+04   0.232366E+04   0.229753E+04  -0.548304E-04   0.122171E+04   0.122163E+04   0.323037E-05
   0.943231E+01   0.194524E+04   0.193562E+04  -0.230655E-06   0.101964E-05   0.335089E-01   0.192188E+04   0.194374E+04   0.192188E+04  -0.458656E-04   0.102196E+04   0.102189E+04   0.253866E-05
   0.104243E+02   0.162650E+04   0.161844E+04  -0.157898E-06   0.182214E-06   0.229457E-01   0.160697E+04   0.162524E+04   0.160697E+04  -0.383502E-04   0.854507E+03   0.854444E+03   0.200722E-05
   0.115206E+02   0.135943E+04   0.135267E+04  -0.108046E-06   0.522209E-06   0.157053E-01   0.134310E+04   0.135837E+04   0.134310E+04  -0.320529E-04   0.714194E+03   0.714138E+03   0.159792E-05
   0.127323E+02   0.113575E+04   0.113009E+04  -0.739034E-07   0.367544E-06   0.107446E-01   0.112211E+04   0.113487E+04   0.112211E+04  -0.267790E-04   0.596683E+03   0.596634E+03   0.128180E-05
   0.140713E+02   0.948514E+03   0.943770E+03  -0.505303E-07   0.189021E-06   0.734786E-02   0.937115E+03   0.947773E+03   0.937115E+03  -0.223642E-04   0.498313E+03   0.498269E+03   0.103676E-05
   0.155512E+02   0.791846E+03   0.787868E+03  -0.345362E-07   0.132809E-06   0.502282E-02   0.782327E+03   0.791225E+03   0.782327E+03  -0.186702E-04   0.416005E+03   0.415965E+03   0.846037E-06
   0.171868E+02   0.660817E+03   0.657479E+03  -0.235960E-07  -0.456550E-08   0.343223E-02   0.652870E+03   0.660296E+03   0.652870E+03  -0.155807E-04   0.347166E+03   0.347130E+03   0.696849E-06
   0.189943E+02   0.551274E+03   0.548471E+03  -0.161155E-07  -0.302208E-09   0.234444E-02   0.544642E+03   0.550836E+03   0.544642E+03  -0.129979E-04   0.289615E+03   0.289582E+03   0.579481E-06
   0.209920E+02   0.459733E+03   0.457376E+03  -0.110027E-07   0.512544E-07   0.160085E-02   0.454199E+03   0.459365E+03   0.454199E+03  -0.108394E-04   0.241522E+03   0.241492E+03   0.486545E-06
   0.231997E+02   0.383264E+03   0.381280E+03  -0.750942E-08   0.194137E-07   0.109268E-02   0.378648E+03   0.382954E+03   0.378648E+03  -0.903641E-05   0.201348E+03   0.201319E+03   0.412412E-06
   0.256397E+02   0.319410E+03   0.317738E+03  -0.512348E-08   0.231635E-07   0.745599E-03   0.315560E+03   0.319149E+03   0.315560E+03  -0.753083E-05   0.167801E+03   0.167774E+03   0.352798E-06
   0.283362E+02   0.266110E+03   0.264697E+03  -0.349446E-08  -0.292647E-08   0.508606E-03   0.262900E+03   0.265890E+03   0.262900E+03  -0.627409E-05   0.139799E+03   0.139773E+03   0.304437E-06
   0.313164E+02   0.221635E+03   0.220437E+03  -0.238259E-08  -0.304490E-08   0.346820E-03   0.218958E+03   0.221448E+03   0.218958E+03  -0.522541E-05   0.116433E+03   0.116408E+03   0.264836E-06
   0.346099E+02   0.184536E+03   0.183518E+03  -0.162397E-08   0.525262E-08   0.236417E-03   0.182304E+03   0.184377E+03   0.182304E+03  -0.435067E-05   0.969418E+02   0.969177E+02   0.232092E-06
   0.382499E+02   0.153600E+03   0.152732E+03  -0.110652E-08   0.193436E-08   0.161114E-03   0.151738E+03   0.153464E+03   0.151738E+03  -0.362123E-05   0.806887E+02   0.806653E+02   0.204747E-06
   0.422727E+02   0.127811E+03   0.127067E+03  -0.753693E-09  -0.702655E-09   0.109760E-03   0.126259E+03   0.127695E+03   0.126259E+03  -0.301316E-05   0.671399E+02   0.671169E+02   0.181681E-06
   0.467185E+02   0.106319E+03   0.105679E+03  -0.513195E-09  -0.885691E-09   0.747541E-04   0.105025E+03   0.106220E+03   0.105025E+03  -0.250642E-05   0.558490E+02   0.558263E+02   0.162034E-06
   0.516319E+02   0.884147E+02   0.878607E+02  -0.349312E-09  -0.120675E-09   0.508925E-04   0.873349E+02   0.883283E+02   0.873349E+02  -0.208424E-05   0.464423E+02   0.464199E+02   0.145141E-06
