#          k/h    CDM            baryon         photon         nu             mass_nu        total          no_nu          total_de       Weyl           v_CDM          v_b            v_b-v_c     
   0.581041E-05   0.313080E+07   0.313080E+07   0.417431E+07   0.417431E+07   0.314053E+07   0.313091E+07   0.313080E+07   0.313669E+07  -0.599948E+00   0.312179E+07   0.312179E+07   0.226461E-01
   0.642149E-05   0.313080E+07   0.313080E+07   0.417429E+07   0.417429E+07   0.314053E+07   0.313091E+07   0.313080E+07   0.313669E+07  -0.599948E+00   0.312179E+07   0.312179E+07   0.250278E-01
   0.709685E-05   0.313080E+07   0.313080E+07   0.417426E+07   0.417426E+07   0.314053E+07   0.313091E+07   0.313080E+07   0.313669E+07  -0.599948E+00   0.312179E+07   0.312179E+07   0.276600E-01
   0.784323E-05   0.313080E+07   0.313080E+07   0.417423E+07   0.417423E+07   0.314052E+07   0.313091E+07   0.313080E+07   0.313669E+07  -0.599948E+00   0.312179E+07   0.312179E+07   0.305690E-01
   0.866811E-05   0.313080E+07   0.313080E+07   0.417419E+07   0.417419E+07   0.314052E+07   0.313091E+07   0.313080E+07   0.313669E+07  -0.599948E+00   0.312179E+07   0.312179E+07   0.337840E-01
   0.957974E-05   0.313080E+07   0.313080E+07   0.417415E+07   0.417414E+07   0.314052E+07   0.313091E+07   0.313080E+07   0.313669E+07  -0.599948E+00   0.312179E+07   0.312179E+07   0.373371E-01
   0.105873E-04   0.313080E+07   0.313080E+07   0.417409E+07   0.417409E+07   0.314051E+07   0.313091E+07   0.313080E+07   0.313669E+07  -0.599948E+00   0.312179E+07   0.312179E+07   0.412638E-01
   0.117007E-04   0.313080E+07   0.313080E+07   0.417402E+07   0.417401E+07   0.314051E+07   0.313091E+07   0.313080E+07   0.313668E+07  -0.599948E+00   0.312179E+07   0.312179E+07   0.456035E-01
   0.129313E-04   0.313080E+07   0.313080E+07   0.417393E+07   0.417393E+07   0.314050E+07   0.313091E+07   0.313080E+07   0.313668E+07  -0.599947E+00   0.312179E+07   0.312179E+07   0.503996E-01
   0.142913E-04   0.313080E+07   0.313080E+07   0.417383E+07   0.417382E+07   0.314049E+07   0.313091E+07   0.313080E+07   0.313668E+07  -0.599947E+00   0.312179E+07   0.312179E+07   0.557001E-01
   0.157943E-04   0.313080E+07   0.313080E+07   0.417370E+07   0.417369E+07   0.314048E+07   0.313091E+07   0.313080E+07   0.313668E+07  -0.599947E+00   0.312179E+07   0.312179E+07   0.615580E-01
   0.174554E-04   0.313080E+07   0.313080E+07   0.417354E+07   0.417354E+07   0.314047E+07   0.313091E+07   0.313080E+07   0.313668E+07  -0.599947E+00   0.312179E+07   0.312179E+07   0.680319E-01
   0.192912E-04   0.313080E+07   0.313080E+07   0.417335E+07   0.417334E+07   0.314046E+07   0.313090E+07   0.313080E+07   0.313668E+07  -0.599946E+00   0.312179E+07   0.312179E+07   0.751867E-01
   0.213201E-04   0.313079E+07   0.313079E+07   0.417312E+07   0.417311E+07   0.314044E+07   0.313090E+07   0.313079E+07   0.313668E+07  -0.599946E+00   0.312178E+07   0.312178E+07   0.830938E-01
   0.235624E-04   0.313079E+07   0.313079E+07   0.417284E+07   0.417282E+07   0.314042E+07   0.313090E+07   0.313079E+07   0.313667E+07  -0.599945E+00   0.312178E+07   0.312178E+07   0.918325E-01
   0.260404E-04   0.313079E+07   0.313079E+07   0.417249E+07   0.417247E+07   0.314039E+07   0.313090E+07   0.313079E+07   0.313667E+07  -0.599945E+00   0.312178E+07   0.312178E+07   0.101490E+00
   0.287791E-04   0.313079E+07   0.313079E+07   0.417206E+07   0.417204E+07   0.314036E+07   0.313089E+07   0.313079E+07   0.313667E+07  -0.599944E+00   0.312178E+07   0.312178E+07   0.112163E+00
   0.318059E-04   0.313078E+07   0.313078E+07   0.417155E+07   0.417152E+07   0.314032E+07   0.313089E+07   0.313078E+07   0.313666E+07  -0.599943E+00   0.312177E+07   0.312177E+07   0.123958E+00
   0.351509E-04   0.313078E+07   0.313078E+07   0.417091E+07   0.417088E+07   0.314027E+07   0.313088E+07   0.313078E+07   0.313665E+07  -0.599942E+00   0.312177E+07   0.312177E+07   0.136994E+00
   0.388478E-04   0.313077E+07   0.313077E+07   0.417014E+07   0.417010E+07   0.314022E+07   0.313088E+07   0.313077E+07   0.313665E+07  -0.599940E+00   0.312176E+07   0.312176E+07   0.151400E+00
   0.429334E-04   0.313076E+07   0.313076E+07   0.416920E+07   0.416915E+07   0.314014E+07   0.313087E+07   0.313076E+07   0.313664E+07  -0.599938E+00   0.312175E+07   0.312175E+07   0.167320E+00
   0.474488E-04   0.313076E+07   0.313075E+07   0.416804E+07   0.416798E+07   0.314006E+07   0.313086E+07   0.313076E+07   0.313663E+07  -0.599936E+00   0.312174E+07   0.312174E+07   0.184914E+00
   0.524390E-04   0.313074E+07   0.313074E+07   0.416664E+07   0.416656E+07   0.313995E+07   0.313085E+07   0.313074E+07   0.313661E+07  -0.599933E+00   0.312173E+07   0.312173E+07   0.204357E+00
   0.579541E-04   0.313073E+07   0.313073E+07   0.416492E+07   0.416483E+07   0.313982E+07   0.313083E+07   0.313073E+07   0.313660E+07  -0.599930E+00   0.312172E+07   0.312172E+07   0.225844E+00
   0.640491E-04   0.313071E+07   0.313071E+07   0.416282E+07   0.416271E+07   0.313967E+07   0.313082E+07   0.313071E+07   0.313657E+07  -0.599926E+00   0.312170E+07   0.312170E+07   0.249588E+00
   0.707853E-04   0.313070E+07   0.313069E+07   0.416026E+07   0.416012E+07   0.313947E+07   0.313079E+07   0.313070E+07   0.313655E+07  -0.599921E+00   0.312168E+07   0.312168E+07   0.275827E+00
   0.782298E-04   0.313067E+07   0.313067E+07   0.415713E+07   0.415697E+07   0.313924E+07   0.313077E+07   0.313067E+07   0.313652E+07  -0.599915E+00   0.312166E+07   0.312165E+07   0.304821E+00
   0.864573E-04   0.313064E+07   0.313064E+07   0.415332E+07   0.415312E+07   0.313895E+07   0.313074E+07   0.313064E+07   0.313648E+07  -0.599907E+00   0.312162E+07   0.312162E+07   0.336859E+00
   0.955501E-04   0.313061E+07   0.313060E+07   0.414866E+07   0.414842E+07   0.313860E+07   0.313070E+07   0.313061E+07   0.313643E+07  -0.599898E+00   0.312159E+07   0.312159E+07   0.372260E+00
   0.105599E-03   0.313056E+07   0.313056E+07   0.414298E+07   0.414268E+07   0.313817E+07   0.313065E+07   0.313056E+07   0.313638E+07  -0.599887E+00   0.312154E+07   0.312154E+07   0.411375E+00
   0.116705E-03   0.313051E+07   0.313051E+07   0.413605E+07   0.413569E+07   0.313765E+07   0.313059E+07   0.313051E+07   0.313631E+07  -0.599873E+00   0.312148E+07   0.312148E+07   0.454591E+00
   0.128979E-03   0.313044E+07   0.313044E+07   0.412760E+07   0.412717E+07   0.313701E+07   0.313052E+07   0.313044E+07   0.313623E+07  -0.599856E+00   0.312142E+07   0.312142E+07   0.502335E+00
   0.142544E-03   0.313036E+07   0.313036E+07   0.411731E+07   0.411678E+07   0.313623E+07   0.313043E+07   0.313036E+07   0.313612E+07  -0.599836E+00   0.312133E+07   0.312133E+07   0.555078E+00
   0.157535E-03   0.313026E+07   0.313026E+07   0.410477E+07   0.410412E+07   0.313528E+07   0.313032E+07   0.313026E+07   0.313600E+07  -0.599811E+00   0.312123E+07   0.312123E+07   0.613337E+00
   0.174104E-03   0.313015E+07   0.313014E+07   0.408950E+07   0.408871E+07   0.313411E+07   0.313019E+07   0.313014E+07   0.313585E+07  -0.599781E+00   0.312111E+07   0.312111E+07   0.677681E+00
   0.192414E-03   0.313000E+07   0.313000E+07   0.407092E+07   0.406996E+07   0.313270E+07   0.313003E+07   0.313000E+07   0.313566E+07  -0.599744E+00   0.312095E+07   0.312095E+07   0.748736E+00
   0.212651E-03   0.312982E+07   0.312982E+07   0.404833E+07   0.404717E+07   0.313097E+07   0.312983E+07   0.312982E+07   0.313544E+07  -0.599699E+00   0.312077E+07   0.312077E+07   0.827189E+00
   0.235015E-03   0.312961E+07   0.312960E+07   0.402090E+07   0.401949E+07   0.312886E+07   0.312960E+07   0.312960E+07   0.313516E+07  -0.599644E+00   0.312054E+07   0.312054E+07   0.913791E+00
   0.259732E-03   0.312934E+07   0.312933E+07   0.398763E+07   0.398593E+07   0.312628E+07   0.312931E+07   0.312934E+07   0.313482E+07  -0.599577E+00   0.312026E+07   0.312026E+07   0.100937E+01
   0.287048E-03   0.312902E+07   0.312901E+07   0.394734E+07   0.394530E+07   0.312315E+07   0.312895E+07   0.312902E+07   0.313441E+07  -0.599495E+00   0.311993E+07   0.311993E+07   0.111481E+01
   0.317237E-03   0.312862E+07   0.312861E+07   0.389866E+07   0.389620E+07   0.311933E+07   0.312852E+07   0.312862E+07   0.313391E+07  -0.599396E+00   0.311952E+07   0.311951E+07   0.123109E+01
   0.350602E-03   0.312815E+07   0.312813E+07   0.383995E+07   0.383700E+07   0.311468E+07   0.312799E+07   0.312814E+07   0.313330E+07  -0.599275E+00   0.311901E+07   0.311901E+07   0.135928E+01
   0.387475E-03   0.312756E+07   0.312754E+07   0.376937E+07   0.376585E+07   0.310902E+07   0.312735E+07   0.312756E+07   0.313256E+07  -0.599128E+00   0.311840E+07   0.311840E+07   0.150051E+01
   0.428226E-03   0.312685E+07   0.312683E+07   0.368480E+07   0.368064E+07   0.310214E+07   0.312657E+07   0.312685E+07   0.313166E+07  -0.598949E+00   0.311766E+07   0.311765E+07   0.165600E+01
   0.473263E-03   0.312598E+07   0.312596E+07   0.358393E+07   0.357903E+07   0.309378E+07   0.312562E+07   0.312598E+07   0.313057E+07  -0.598731E+00   0.311675E+07   0.311675E+07   0.182707E+01
   0.523036E-03   0.312493E+07   0.312490E+07   0.346425E+07   0.345852E+07   0.308365E+07   0.312446E+07   0.312492E+07   0.312925E+07  -0.598468E+00   0.311564E+07   0.311564E+07   0.201508E+01
   0.578045E-03   0.312365E+07   0.312361E+07   0.332318E+07   0.331655E+07   0.307138E+07   0.312305E+07   0.312364E+07   0.312765E+07  -0.598149E+00   0.311430E+07   0.311430E+07   0.222150E+01
   0.638838E-03   0.312209E+07   0.312205E+07   0.315823E+07   0.315068E+07   0.305654E+07   0.312135E+07   0.312209E+07   0.312572E+07  -0.597764E+00   0.311267E+07   0.311267E+07   0.244781E+01
   0.706025E-03   0.312021E+07   0.312015E+07   0.296730E+07   0.295883E+07   0.303864E+07   0.311928E+07   0.312020E+07   0.312338E+07  -0.597299E+00   0.311069E+07   0.311069E+07   0.269555E+01
   0.780278E-03   0.311793E+07   0.311786E+07   0.274901E+07   0.273972E+07   0.301712E+07   0.311678E+07   0.311792E+07   0.312058E+07  -0.596740E+00   0.310830E+07   0.310829E+07   0.296627E+01
   0.862341E-03   0.311517E+07   0.311509E+07   0.250329E+07   0.249338E+07   0.299132E+07   0.311376E+07   0.311516E+07   0.311722E+07  -0.596070E+00   0.310540E+07   0.310539E+07   0.326148E+01
   0.953034E-03   0.311185E+07   0.311175E+07   0.223199E+07   0.222180E+07   0.296052E+07   0.311012E+07   0.311183E+07   0.311321E+07  -0.595270E+00   0.310190E+07   0.310190E+07   0.358265E+01
   0.105327E-02   0.310786E+07   0.310774E+07   0.193966E+07   0.192968E+07   0.292393E+07   0.310576E+07   0.310784E+07   0.310844E+07  -0.594317E+00   0.309769E+07   0.309769E+07   0.393118E+01
   0.116404E-02   0.310307E+07   0.310292E+07   0.163423E+07   0.162515E+07   0.288072E+07   0.310053E+07   0.310305E+07   0.310279E+07  -0.593190E+00   0.309265E+07   0.309264E+07   0.430836E+01
   0.128646E-02   0.309735E+07   0.309717E+07   0.132750E+07   0.132011E+07   0.283007E+07   0.309430E+07   0.309732E+07   0.309614E+07  -0.591863E+00   0.308661E+07   0.308660E+07   0.471544E+01
   0.142176E-02   0.309055E+07   0.309033E+07   0.103490E+07   0.102999E+07   0.277122E+07   0.308691E+07   0.309052E+07   0.308834E+07  -0.590310E+00   0.307943E+07   0.307942E+07   0.515361E+01
   0.157129E-02   0.308250E+07   0.308224E+07   0.774111E+06   0.772254E+06   0.270355E+07   0.307818E+07   0.308246E+07   0.307925E+07  -0.588502E+00   0.307092E+07   0.307091E+07   0.562414E+01
   0.173654E-02   0.307302E+07   0.307270E+07   0.562111E+06   0.563378E+06   0.262670E+07   0.306793E+07   0.307297E+07   0.306870E+07  -0.586412E+00   0.306091E+07   0.306089E+07   0.612854E+01
   0.191918E-02   0.306193E+07   0.306154E+07   0.410530E+06   0.414205E+06   0.254257E+07   0.305600E+07   0.306187E+07   0.305657E+07  -0.584017E+00   0.304922E+07   0.304919E+07   0.666875E+01
   0.212102E-02   0.304901E+07   0.304853E+07   0.320286E+06   0.324783E+06   0.244865E+07   0.304216E+07   0.304894E+07   0.304260E+07  -0.581275E+00   0.303561E+07   0.303558E+07   0.724726E+01
   0.234409E-02   0.303406E+07   0.303348E+07   0.277931E+06   0.281164E+06   0.234712E+07   0.302621E+07   0.303397E+07   0.302660E+07  -0.578156E+00   0.301991E+07   0.301987E+07   0.786730E+01
   0.259062E-02   0.301688E+07   0.301617E+07   0.257564E+06   0.257923E+06   0.224030E+07   0.300800E+07   0.301677E+07   0.300836E+07  -0.574623E+00   0.300194E+07   0.300190E+07   0.853262E+01
   0.286307E-02   0.299726E+07   0.299639E+07   0.231284E+06   0.228890E+06   0.213030E+07   0.298733E+07   0.299712E+07   0.298765E+07  -0.570633E+00   0.298152E+07   0.298147E+07   0.924720E+01
   0.316418E-02   0.297497E+07   0.297392E+07   0.185696E+06   0.182846E+06   0.201933E+07   0.296401E+07   0.297480E+07   0.296427E+07  -0.566145E+00   0.295848E+07   0.295842E+07   0.100148E+02
   0.349696E-02   0.294981E+07   0.294854E+07   0.132457E+06   0.131991E+06   0.190936E+07   0.293786E+07   0.294961E+07   0.293804E+07  -0.561116E+00   0.293261E+07   0.293254E+07   0.108387E+02
   0.386474E-02   0.292158E+07   0.292003E+07   0.969113E+05   0.990024E+05   0.180143E+07   0.290869E+07   0.292134E+07   0.290882E+07  -0.555514E+00   0.290374E+07   0.290366E+07   0.117219E+02
   0.427120E-02   0.289008E+07   0.288820E+07   0.869333E+05   0.882470E+05   0.169522E+07   0.287630E+07   0.288979E+07   0.287642E+07  -0.549302E+00   0.287167E+07   0.287156E+07   0.126678E+02
   0.472041E-02   0.285513E+07   0.285285E+07   0.796259E+05   0.781571E+05   0.158947E+07   0.284048E+07   0.285477E+07   0.284059E+07  -0.542444E+00   0.283619E+07   0.283607E+07   0.136799E+02
   0.521686E-02   0.281652E+07   0.281376E+07   0.580223E+05   0.571331E+05   0.148291E+07   0.280103E+07   0.281609E+07   0.280111E+07  -0.534895E+00   0.279713E+07   0.279698E+07   0.147615E+02
   0.576552E-02   0.277406E+07   0.277073E+07   0.421878E+05   0.436912E+05   0.137547E+07   0.275774E+07   0.277354E+07   0.275780E+07  -0.526615E+00   0.275426E+07   0.275409E+07   0.159146E+02
   0.637188E-02   0.272755E+07   0.272353E+07   0.405949E+05   0.401428E+05   0.126862E+07   0.271045E+07   0.272692E+07   0.271050E+07  -0.517572E+00   0.270739E+07   0.270719E+07   0.171406E+02
   0.704202E-02   0.267678E+07   0.267194E+07   0.303230E+05   0.292286E+05   0.116390E+07   0.265894E+07   0.267603E+07   0.265899E+07  -0.507729E+00   0.265631E+07   0.265607E+07   0.184397E+02
   0.778264E-02   0.262156E+07   0.261573E+07   0.248227E+05   0.241178E+05   0.106102E+07   0.260303E+07   0.262065E+07   0.260306E+07  -0.497044E+00   0.260082E+07   0.260053E+07   0.198096E+02
   0.860115E-02   0.256167E+07   0.255466E+07   0.230337E+05   0.195931E+05   0.958793E+06   0.254248E+07   0.256057E+07   0.254251E+07  -0.485475E+00   0.254070E+07   0.254036E+07   0.212457E+02
   0.950573E-02   0.249689E+07   0.248851E+07   0.150061E+05   0.152696E+05   0.859267E+06   0.247710E+07   0.249558E+07   0.247712E+07  -0.472985E+00   0.247574E+07   0.247534E+07   0.227392E+02
   0.105055E-01   0.242704E+07   0.241703E+07   0.120682E+05   0.120275E+05   0.766612E+06   0.240674E+07   0.242548E+07   0.240676E+07  -0.459545E+00   0.240576E+07   0.240528E+07   0.242761E+02
   0.116103E-01   0.235193E+07   0.234002E+07   0.106310E+05   0.101848E+05   0.679632E+06   0.233120E+07   0.235007E+07   0.233122E+07  -0.445118E+00   0.233058E+07   0.233002E+07   0.258361E+02
   0.128314E-01   0.227139E+07   0.225727E+07   0.668567E+04   0.737256E+04   0.595968E+06   0.225028E+07   0.226919E+07   0.225029E+07  -0.429664E+00   0.225002E+07   0.224936E+07   0.273898E+02
   0.141809E-01   0.218525E+07   0.216860E+07   0.648708E+04   0.579046E+04   0.518535E+06   0.216385E+07   0.218265E+07   0.216386E+07  -0.413159E+00   0.216390E+07   0.216313E+07   0.288975E+02
   0.156723E-01   0.209342E+07   0.207391E+07   0.608083E+04   0.473616E+04   0.447497E+06   0.207181E+07   0.209037E+07   0.207182E+07  -0.395582E+00   0.207214E+07   0.207125E+07   0.303064E+02
   0.173206E-01   0.199587E+07   0.197318E+07   0.391360E+04   0.376247E+04   0.382674E+06   0.197414E+07   0.199233E+07   0.197415E+07  -0.376932E+00   0.197471E+07   0.197369E+07   0.315485E+02
   0.191422E-01   0.189273E+07   0.186658E+07   0.323651E+04   0.288881E+04   0.323454E+06   0.187097E+07   0.188865E+07   0.187097E+07  -0.357231E+00   0.187175E+07   0.187058E+07   0.325394E+02
   0.211554E-01   0.178434E+07   0.175452E+07   0.231122E+04   0.214366E+04   0.271144E+06   0.176264E+07   0.177968E+07   0.176265E+07  -0.336547E+00   0.176360E+07   0.176228E+07   0.331779E+02
   0.233803E-01   0.167132E+07   0.163778E+07   0.192666E+04   0.164739E+04   0.224528E+06   0.164980E+07   0.166609E+07   0.164980E+07  -0.315001E+00   0.165089E+07   0.164943E+07   0.333482E+02
   0.258393E-01   0.155472E+07   0.151762E+07   0.110577E+04   0.134300E+04   0.183847E+06   0.153350E+07   0.154893E+07   0.153351E+07  -0.292795E+00   0.153470E+07   0.153310E+07   0.329260E+02
   0.285568E-01   0.143607E+07   0.139587E+07   0.101067E+04   0.940057E+03   0.148919E+06   0.141532E+07   0.142980E+07   0.141533E+07  -0.270230E+00   0.141658E+07   0.141487E+07   0.317906E+02
   0.315601E-01   0.131751E+07   0.127503E+07   0.775200E+03   0.720313E+03   0.119271E+06   0.129742E+07   0.131088E+07   0.129742E+07  -0.247718E+00   0.129870E+07   0.129693E+07   0.298443E+02
   0.348794E-01   0.120172E+07   0.115823E+07   0.656462E+03   0.552544E+03   0.947153E+05   0.118250E+07   0.119493E+07   0.118250E+07  -0.225776E+00   0.118377E+07   0.118200E+07   0.270405E+02
   0.385477E-01   0.109178E+07   0.104895E+07   0.441558E+03   0.400587E+03   0.746392E+05   0.107368E+07   0.108510E+07   0.107368E+07  -0.204999E+00   0.107491E+07   0.107322E+07   0.234192E+02
   0.426017E-01   0.990785E+06   0.950590E+06   0.347581E+03   0.291245E+03   0.585365E+05   0.974050E+06   0.984511E+06   0.974050E+06  -0.185976E+00   0.975220E+06   0.973690E+06   0.191439E+02
   0.470822E-01   0.901129E+06   0.865571E+06   0.203329E+03   0.228935E+03   0.458529E+05   0.885980E+06   0.895579E+06   0.885980E+06  -0.169160E+00   0.887070E+06   0.885787E+06   0.145287E+02
   0.520339E-01   0.823674E+06   0.794333E+06   0.165132E+03   0.175136E+03   0.359972E+05   0.810247E+06   0.819094E+06   0.810247E+06  -0.154701E+00   0.811249E+06   0.810270E+06   0.100338E+02
   0.575064E-01   0.756883E+06   0.734370E+06   0.114426E+03   0.130389E+03   0.283138E+05   0.745178E+06   0.753369E+06   0.745178E+06  -0.142277E+00   0.746092E+06   0.745423E+06   0.620518E+01
   0.635544E-01   0.696582E+06   0.680074E+06   0.105019E+03   0.919767E+02   0.222458E+05   0.686416E+06   0.694005E+06   0.686417E+06  -0.131058E+00   0.687252E+06   0.686830E+06   0.354113E+01
   0.702384E-01   0.636952E+06   0.624145E+06   0.874728E+02   0.692359E+02   0.173159E+05   0.627976E+06   0.634953E+06   0.627976E+06  -0.119899E+00   0.628745E+06   0.628443E+06   0.229518E+01
   0.776255E-01   0.573191E+06   0.561012E+06   0.490669E+02   0.510176E+02   0.132145E+05   0.564985E+06   0.571290E+06   0.564985E+06  -0.107873E+00   0.565701E+06   0.565368E+06   0.229078E+01
   0.857894E-01   0.505079E+06   0.491177E+06   0.373253E+02   0.376115E+02   0.983892E+04   0.497339E+06   0.502909E+06   0.497339E+06  -0.949568E-01   0.498006E+06   0.497542E+06   0.288329E+01
   0.948120E-01   0.438868E+06   0.423194E+06   0.342738E+02   0.257464E+02   0.720442E+04   0.431572E+06   0.436421E+06   0.431572E+06  -0.824000E-01   0.432186E+06   0.431614E+06   0.321264E+01
   0.104783E+00   0.384052E+06   0.369117E+06   0.212308E+02   0.198052E+02   0.530554E+04   0.377469E+06   0.381721E+06   0.377469E+06  -0.720700E-01   0.378017E+06   0.377481E+06   0.273042E+01
   0.115804E+00   0.344757E+06   0.333494E+06   0.119894E+02   0.135433E+02   0.400268E+04   0.339169E+06   0.342999E+06   0.339169E+06  -0.647575E-01   0.339648E+06   0.339288E+06   0.165655E+01
   0.127983E+00   0.313302E+06   0.305865E+06   0.144176E+02   0.101924E+02   0.305316E+04   0.308650E+06   0.312141E+06   0.308650E+06  -0.589304E-01   0.309068E+06   0.308874E+06   0.810365E+00
   0.141443E+00   0.277342E+06   0.270721E+06   0.694257E+01   0.797164E+01   0.226024E+04   0.273213E+06   0.276309E+06   0.273213E+06  -0.521644E-01   0.273589E+06   0.273400E+06   0.711125E+00
   0.156318E+00   0.237073E+06   0.229248E+06   0.822350E+01   0.507460E+01   0.161041E+04   0.233205E+06   0.235852E+06   0.233206E+06  -0.445258E-01   0.233545E+06   0.233276E+06   0.918172E+00
   0.172759E+00   0.205674E+06   0.198540E+06   0.124814E+01   0.396459E+01   0.116386E+04   0.202263E+06   0.204561E+06   0.202263E+06  -0.386180E-01   0.202560E+06   0.202320E+06   0.741265E+00
   0.190928E+00   0.184538E+06   0.179715E+06   0.185770E+01   0.269723E+01   0.869767E+03   0.181718E+06   0.183785E+06   0.181718E+06  -0.346954E-01   0.181974E+06   0.181837E+06   0.384265E+00
   0.211008E+00   0.160651E+06   0.156187E+06   0.238034E+01   0.202332E+01   0.628858E+03   0.158154E+06   0.159954E+06   0.158154E+06  -0.301963E-01   0.158380E+06   0.158242E+06   0.350642E+00
   0.233200E+00   0.137191E+06   0.132668E+06   0.172655E+01   0.129748E+01   0.444972E+03   0.134948E+06   0.136485E+06   0.134948E+06  -0.257656E-01   0.135147E+06   0.134996E+06   0.343138E+00
   0.257726E+00   0.121150E+06   0.117828E+06   0.918981E+00   0.938010E+00   0.325691E+03   0.119272E+06   0.120631E+06   0.119272E+06  -0.227726E-01   0.119443E+06   0.119344E+06   0.204768E+00
   0.284831E+00   0.104173E+06   0.101025E+06   0.560765E+00   0.748239E+00   0.231532E+03   0.102513E+06   0.103682E+06   0.102513E+06  -0.195728E-01   0.102663E+06   0.102562E+06   0.189205E+00
   0.314787E+00   0.901684E+05   0.875210E+05   0.490952E+00   0.524857E+00   0.165569E+03   0.887430E+05   0.897551E+05   0.887430E+05  -0.169437E-01   0.888719E+05   0.887897E+05   0.139225E+00
   0.347893E+00   0.778494E+05   0.755487E+05   0.405834E+00   0.377478E+00   0.117965E+03   0.766162E+05   0.774903E+05   0.766162E+05  -0.146283E-01   0.767279E+05   0.766553E+05   0.111232E+00
   0.384481E+00   0.670779E+05   0.651183E+05   0.260633E+00   0.265754E+00   0.837912E+02   0.660187E+05   0.667721E+05   0.660187E+05  -0.126049E-01   0.661148E+05   0.660538E+05   0.844625E-01
   0.424918E+00   0.575975E+05   0.558834E+05   0.194885E+00   0.188568E+00   0.592589E+02   0.566829E+05   0.573299E+05   0.566829E+05  -0.108224E-01   0.567658E+05   0.567117E+05   0.677688E-01
   0.469607E+00   0.495238E+05   0.480744E+05   0.118240E+00   0.113732E+00   0.419388E+02   0.487411E+05   0.492975E+05   0.487411E+05  -0.930612E-02   0.488122E+05   0.487670E+05   0.513467E-01
   0.518996E+00   0.424288E+05   0.411821E+05   0.817007E-01   0.881480E-01   0.295515E+02   0.417574E+05   0.422342E+05   0.417574E+05  -0.797272E-02   0.418184E+05   0.417794E+05   0.399959E-01
   0.573579E+00   0.363070E+05   0.352378E+05   0.609361E-01   0.660892E-01   0.207807E+02   0.357321E+05   0.361401E+05   0.357321E+05  -0.682231E-02   0.357843E+05   0.357509E+05   0.310787E-01
   0.633902E+00   0.310325E+05   0.301192E+05   0.448016E-01   0.381158E-01   0.145904E+02   0.305411E+05   0.308899E+05   0.305411E+05  -0.583120E-02   0.305858E+05   0.305572E+05   0.240107E-01
   0.700571E+00   0.264880E+05   0.257090E+05   0.309535E-01   0.262836E-01   0.102253E+02   0.260687E+05   0.263664E+05   0.260687E+05  -0.497728E-02   0.261068E+05   0.260825E+05   0.185247E-01
   0.774251E+00   0.225799E+05   0.219161E+05   0.215923E-01   0.189144E-01   0.715275E+01   0.222225E+05   0.224763E+05   0.222225E+05  -0.424293E-02   0.222550E+05   0.222343E+05   0.142798E-01
   0.855679E+00   0.192243E+05   0.186593E+05   0.149881E-01   0.151369E-01   0.499496E+01   0.189200E+05   0.191361E+05   0.189200E+05  -0.361239E-02   0.189477E+05   0.189300E+05   0.109963E-01
   0.945672E+00   0.163481E+05   0.158677E+05   0.104213E-01   0.872860E-02   0.348443E+01   0.160893E+05   0.162731E+05   0.160893E+05  -0.307193E-02   0.161129E+05   0.160979E+05   0.845914E-02
   0.104513E+01   0.138869E+05   0.134788E+05   0.725320E-02   0.600493E-02   0.242588E+01   0.136671E+05   0.138232E+05   0.136671E+05  -0.260945E-02   0.136871E+05   0.136743E+05   0.650069E-02
   0.115505E+01   0.117836E+05   0.114373E+05   0.503854E-02   0.488355E-02   0.168720E+01   0.115970E+05   0.117295E+05   0.115970E+05  -0.221422E-02   0.116140E+05   0.116032E+05   0.499063E-02
   0.127652E+01   0.998876E+04   0.969530E+04   0.349722E-02   0.288571E-02   0.117188E+01   0.983064E+04   0.994295E+04   0.983064E+04  -0.187696E-02   0.984503E+04   0.983586E+04   0.382780E-02
   0.141078E+01   0.845909E+04   0.821059E+04   0.242474E-02   0.205263E-02   0.813653E+00   0.832518E+04   0.842030E+04   0.832518E+04  -0.158952E-02   0.833737E+04   0.832961E+04   0.293329E-02
   0.155915E+01   0.715707E+04   0.694684E+04   0.167963E-02   0.177825E-02   0.563714E+00   0.704378E+04   0.712425E+04   0.704378E+04  -0.134487E-02   0.705409E+04   0.704752E+04   0.224596E-02
   0.172313E+01   0.605010E+04   0.587240E+04   0.116246E-02   0.113661E-02   0.390477E+00   0.595433E+04   0.602236E+04   0.595433E+04  -0.113686E-02   0.596305E+04   0.595750E+04   0.171835E-02
   0.190435E+01   0.510999E+04   0.495990E+04   0.803854E-03   0.639197E-03   0.270104E+00   0.502910E+04   0.508656E+04   0.502910E+04  -0.960204E-03   0.503646E+04   0.503177E+04   0.131372E-02
   0.210463E+01   0.431248E+04   0.418582E+04   0.555430E-03   0.527696E-03   0.186721E+00   0.424422E+04   0.429271E+04   0.424422E+04  -0.810347E-03   0.425043E+04   0.424647E+04   0.100371E-02
   0.232598E+01   0.363663E+04   0.352982E+04   0.383480E-03   0.341470E-03   0.128927E+00   0.357906E+04   0.361995E+04   0.357906E+04  -0.683349E-03   0.358430E+04   0.358096E+04   0.766398E-03
   0.257060E+01   0.306441E+04   0.297441E+04   0.264565E-03   0.299598E-03   0.889962E-01   0.301591E+04   0.305037E+04   0.301591E+04  -0.575826E-03   0.302032E+04   0.301750E+04   0.584878E-03
   0.284095E+01   0.258042E+04   0.250463E+04   0.182397E-03   0.112086E-03   0.613710E-01   0.253957E+04   0.256859E+04   0.253957E+04  -0.484879E-03   0.254329E+04   0.254091E+04   0.446148E-03
   0.313974E+01   0.217137E+04   0.210760E+04   0.125662E-03   0.116912E-03   0.422766E-01   0.213700E+04   0.216142E+04   0.213700E+04  -0.408016E-03   0.214013E+04   0.213813E+04   0.340190E-03
   0.346995E+01   0.182598E+04   0.177235E+04   0.865185E-04   0.946840E-04   0.291144E-01   0.179707E+04   0.181761E+04   0.179707E+04  -0.343114E-03   0.179971E+04   0.179802E+04   0.259321E-03
   0.383489E+01   0.153456E+04   0.148949E+04   0.595307E-04   0.344642E-04   0.200242E-01   0.151027E+04   0.152753E+04   0.151027E+04  -0.288356E-03   0.151248E+04   0.151106E+04   0.197639E-03
   0.423821E+01   0.128888E+04   0.125102E+04   0.409366E-04   0.426227E-04   0.137728E-01   0.126848E+04   0.128297E+04   0.126848E+04  -0.242190E-03   0.127034E+04   0.126914E+04   0.150616E-03
   0.468394E+01   0.108191E+04   0.105012E+04   0.281340E-04   0.125976E-04   0.946711E-02   0.106478E+04   0.107695E+04   0.106478E+04  -0.203298E-03   0.106634E+04   0.106533E+04   0.114788E-03
   0.517656E+01   0.907667E+03   0.880993E+03   0.193246E-04   0.235416E-04   0.650813E-02   0.893296E+03   0.903503E+03   0.893296E+03  -0.170557E-03   0.894606E+03   0.893756E+03   0.875017E-04
   0.572098E+01   0.761080E+03   0.738708E+03   0.132665E-04   0.159183E-04   0.446660E-02   0.749030E+03   0.757588E+03   0.749030E+03  -0.143012E-03   0.750128E+03   0.749412E+03   0.667278E-04
   0.632266E+01   0.637839E+03   0.619084E+03   0.910293E-05   0.948247E-05   0.306235E-02   0.627739E+03   0.634912E+03   0.627739E+03  -0.119854E-03   0.628660E+03   0.628056E+03   0.509168E-04
   0.698762E+01   0.534291E+03   0.518574E+03   0.624294E-05   0.542226E-05   0.210044E-02   0.525830E+03   0.531838E+03   0.525830E+03  -0.100396E-03   0.526601E+03   0.526092E+03   0.388855E-04
   0.772251E+01   0.447340E+03   0.434175E+03   0.427949E-05   0.214423E-05   0.144015E-02   0.440255E+03   0.445285E+03   0.440255E+03  -0.840577E-04   0.440901E+03   0.440471E+03   0.297313E-04
   0.853470E+01   0.374367E+03   0.363342E+03   0.293220E-05   0.199026E-05   0.987392E-03   0.368436E+03   0.372646E+03   0.368436E+03  -0.703454E-04   0.368978E+03   0.368613E+03   0.227659E-04
   0.943231E+01   0.313159E+03   0.303930E+03   0.200818E-05   0.372665E-06   0.676360E-03   0.308197E+03   0.311719E+03   0.308197E+03  -0.588439E-04   0.308650E+03   0.308341E+03   0.174651E-04
   0.104243E+02   0.261847E+03   0.254123E+03   0.137476E-05   0.118575E-06   0.463029E-03   0.257697E+03   0.260642E+03   0.257697E+03  -0.492020E-04   0.258077E+03   0.257814E+03   0.134299E-04
   0.115206E+02   0.218852E+03   0.212389E+03   0.940743E-06   0.912138E-06   0.316137E-03   0.215383E+03   0.217844E+03   0.215383E+03  -0.411229E-04   0.215700E+03   0.215476E+03   0.103564E-04
   0.127323E+02   0.182845E+03   0.177437E+03   0.643491E-06   0.784704E-06   0.216525E-03   0.179944E+03   0.182001E+03   0.179944E+03  -0.343567E-04   0.180210E+03   0.180019E+03   0.801371E-05
   0.140713E+02   0.152702E+03   0.148178E+03   0.439992E-06   0.323694E-06   0.148104E-03   0.150279E+03   0.151996E+03   0.150279E+03  -0.286927E-04   0.150501E+03   0.150337E+03   0.622625E-05
   0.155512E+02   0.127481E+03   0.123696E+03   0.300736E-06   0.241226E-06   0.101343E-03   0.125457E+03   0.126890E+03   0.125457E+03  -0.239534E-04   0.125643E+03   0.125501E+03   0.486061E-05
   0.171868E+02   0.106388E+03   0.103221E+03   0.205480E-06   0.495502E-07   0.691970E-04   0.104697E+03   0.105893E+03   0.104697E+03  -0.199897E-04   0.104852E+03   0.104729E+03   0.381551E-05
   0.189943E+02   0.887529E+02   0.861029E+02   0.140345E-06   0.199487E-06   0.472756E-04   0.873413E+02   0.883393E+02   0.873413E+02  -0.166760E-04   0.874714E+02   0.873640E+02   0.301401E-05
   0.209920E+02   0.740164E+02   0.717978E+02   0.958253E-07  -0.727213E-07   0.322153E-04   0.728378E+02   0.736701E+02   0.728378E+02  -0.139069E-04   0.729467E+02   0.728523E+02   0.239773E-05
   0.231997E+02   0.617062E+02   0.598479E+02   0.654057E-07   0.973153E-07   0.219582E-04   0.607223E+02   0.614161E+02   0.607223E+02  -0.115937E-04   0.608135E+02   0.607298E+02   0.192237E-05
   0.256397E+02   0.514268E+02   0.498693E+02   0.446283E-07   0.717347E-07   0.149849E-04   0.506055E+02   0.511837E+02   0.506055E+02  -0.966208E-05   0.506819E+02   0.506072E+02   0.155433E-05
   0.283362E+02   0.428465E+02   0.415398E+02   0.304416E-07   0.136853E-07   0.102639E-04   0.421608E+02   0.426425E+02   0.421608E+02  -0.804974E-05   0.422249E+02   0.421575E+02   0.126809E-05
   0.313164E+02   0.356867E+02   0.345893E+02   0.207581E-07  -0.265981E-07   0.698962E-05   0.351142E+02   0.355154E+02   0.351142E+02  -0.670433E-05   0.351680E+02   0.351067E+02   0.104431E-05
   0.346099E+02   0.297144E+02   0.287914E+02   0.141506E-07  -0.182412E-07   0.476176E-05   0.292363E+02   0.295704E+02   0.292363E+02  -0.558208E-05   0.292816E+02   0.292252E+02   0.868306E-06
   0.382499E+02   0.247343E+02   0.239565E+02   0.964338E-08   0.564583E-08   0.325177E-05   0.243348E+02   0.246129E+02   0.243348E+02  -0.464624E-05   0.243730E+02   0.243207E+02   0.728923E-06
   0.422727E+02   0.205828E+02   0.199259E+02   0.656980E-08  -0.235564E-08   0.220716E-05   0.202489E+02   0.204803E+02   0.202489E+02  -0.386611E-05   0.202811E+02   0.202321E+02   0.617695E-06
   0.467185E+02   0.171232E+02   0.165670E+02   0.447450E-08   0.775748E-08   0.149900E-05   0.168439E+02   0.170363E+02   0.168439E+02  -0.321600E-05   0.168711E+02   0.168249E+02   0.528187E-06
   0.516319E+02   0.142409E+02   0.137684E+02   0.304652E-08  -0.582854E-08   0.102297E-05   0.140071E+02   0.141671E+02   0.140071E+02  -0.267437E-05   0.140302E+02   0.139861E+02   0.455495E-06
