#          k/h    CDM            baryon         photon         nu             mass_nu        total          no_nu          total_de       Weyl           v_CDM          v_b            v_b-v_c     
   0.581041E-05   0.118686E+07   0.118686E+07   0.158246E+07   0.158246E+07   0.121020E+07   0.118713E+07   0.118686E+07   0.119287E+07  -0.601126E+00   0.118481E+07   0.118481E+07   0.538858E-01
   0.642149E-05   0.118686E+07   0.118686E+07   0.158246E+07   0.158246E+07   0.121020E+07   0.118713E+07   0.118686E+07   0.119287E+07  -0.601126E+00   0.118481E+07   0.118481E+07   0.595531E-01
   0.709685E-05   0.118686E+07   0.118686E+07   0.158246E+07   0.158246E+07   0.121020E+07   0.118713E+07   0.118686E+07   0.119287E+07  -0.601126E+00   0.118481E+07   0.118481E+07   0.658163E-01
   0.784323E-05   0.118686E+07   0.118686E+07   0.158245E+07   0.158245E+07   0.121020E+07   0.118713E+07   0.118686E+07   0.119287E+07  -0.601126E+00   0.118481E+07   0.118481E+07   0.727382E-01
   0.866811E-05   0.118686E+07   0.118686E+07   0.158245E+07   0.158245E+07   0.121020E+07   0.118713E+07   0.118686E+07   0.119287E+07  -0.601126E+00   0.118481E+07   0.118481E+07   0.803882E-01
   0.957974E-05   0.118686E+07   0.118686E+07   0.158244E+07   0.158244E+07   0.121019E+07   0.118713E+07   0.118686E+07   0.119287E+07  -0.601125E+00   0.118481E+07   0.118481E+07   0.888427E-01
   0.105873E-04   0.118686E+07   0.118686E+07   0.158243E+07   0.158243E+07   0.121019E+07   0.118713E+07   0.118686E+07   0.119287E+07  -0.601125E+00   0.118481E+07   0.118481E+07   0.981863E-01
   0.117007E-04   0.118686E+07   0.118686E+07   0.158242E+07   0.158242E+07   0.121019E+07   0.118713E+07   0.118686E+07   0.119287E+07  -0.601125E+00   0.118481E+07   0.118481E+07   0.108513E+00
   0.129313E-04   0.118686E+07   0.118686E+07   0.158241E+07   0.158241E+07   0.121019E+07   0.118713E+07   0.118686E+07   0.119287E+07  -0.601125E+00   0.118481E+07   0.118481E+07   0.119925E+00
   0.142913E-04   0.118686E+07   0.118686E+07   0.158240E+07   0.158240E+07   0.121018E+07   0.118713E+07   0.118686E+07   0.119287E+07  -0.601125E+00   0.118481E+07   0.118481E+07   0.132537E+00
   0.157943E-04   0.118686E+07   0.118686E+07   0.158238E+07   0.158238E+07   0.121018E+07   0.118713E+07   0.118686E+07   0.119287E+07  -0.601125E+00   0.118481E+07   0.118481E+07   0.146476E+00
   0.174554E-04   0.118686E+07   0.118686E+07   0.158236E+07   0.158236E+07   0.121017E+07   0.118713E+07   0.118686E+07   0.119287E+07  -0.601124E+00   0.118481E+07   0.118481E+07   0.161881E+00
   0.192912E-04   0.118686E+07   0.118686E+07   0.158233E+07   0.158233E+07   0.121017E+07   0.118713E+07   0.118686E+07   0.119287E+07  -0.601124E+00   0.118481E+07   0.118481E+07   0.178906E+00
   0.213201E-04   0.118686E+07   0.118686E+07   0.158230E+07   0.158230E+07   0.121016E+07   0.118713E+07   0.118686E+07   0.119287E+07  -0.601124E+00   0.118481E+07   0.118481E+07   0.197722E+00
   0.235624E-04   0.118685E+07   0.118685E+07   0.158226E+07   0.158226E+07   0.121015E+07   0.118712E+07   0.118685E+07   0.119287E+07  -0.601123E+00   0.118481E+07   0.118481E+07   0.218516E+00
   0.260404E-04   0.118685E+07   0.118685E+07   0.158221E+07   0.158221E+07   0.121014E+07   0.118712E+07   0.118685E+07   0.119287E+07  -0.601123E+00   0.118481E+07   0.118481E+07   0.241497E+00
   0.287791E-04   0.118685E+07   0.118685E+07   0.158216E+07   0.158215E+07   0.121013E+07   0.118712E+07   0.118685E+07   0.119287E+07  -0.601122E+00   0.118480E+07   0.118480E+07   0.266895E+00
   0.318059E-04   0.118685E+07   0.118685E+07   0.158209E+07   0.158208E+07   0.121011E+07   0.118712E+07   0.118685E+07   0.119286E+07  -0.601121E+00   0.118480E+07   0.118480E+07   0.294963E+00
   0.351509E-04   0.118685E+07   0.118685E+07   0.158200E+07   0.158199E+07   0.121009E+07   0.118712E+07   0.118685E+07   0.119286E+07  -0.601120E+00   0.118480E+07   0.118480E+07   0.325984E+00
   0.388478E-04   0.118685E+07   0.118685E+07   0.158189E+07   0.158188E+07   0.121006E+07   0.118712E+07   0.118685E+07   0.119286E+07  -0.601119E+00   0.118480E+07   0.118480E+07   0.360266E+00
   0.429334E-04   0.118685E+07   0.118685E+07   0.158176E+07   0.158175E+07   0.121003E+07   0.118712E+07   0.118685E+07   0.119286E+07  -0.601118E+00   0.118480E+07   0.118480E+07   0.398153E+00
   0.474488E-04   0.118684E+07   0.118684E+07   0.158160E+07   0.158158E+07   0.121000E+07   0.118711E+07   0.118684E+07   0.119285E+07  -0.601116E+00   0.118480E+07   0.118480E+07   0.440024E+00
   0.524390E-04   0.118684E+07   0.118684E+07   0.158141E+07   0.158139E+07   0.120995E+07   0.118711E+07   0.118684E+07   0.119285E+07  -0.601114E+00   0.118479E+07   0.118479E+07   0.486298E+00
   0.579541E-04   0.118684E+07   0.118684E+07   0.158118E+07   0.158114E+07   0.120990E+07   0.118710E+07   0.118684E+07   0.119284E+07  -0.601111E+00   0.118479E+07   0.118479E+07   0.537437E+00
   0.640491E-04   0.118683E+07   0.118683E+07   0.158089E+07   0.158085E+07   0.120983E+07   0.118710E+07   0.118683E+07   0.119284E+07  -0.601107E+00   0.118478E+07   0.118478E+07   0.593952E+00
   0.707853E-04   0.118683E+07   0.118683E+07   0.158054E+07   0.158049E+07   0.120974E+07   0.118709E+07   0.118683E+07   0.119283E+07  -0.601103E+00   0.118478E+07   0.118478E+07   0.656409E+00
   0.782298E-04   0.118682E+07   0.118682E+07   0.158011E+07   0.158005E+07   0.120964E+07   0.118709E+07   0.118682E+07   0.119282E+07  -0.601098E+00   0.118477E+07   0.118477E+07   0.725430E+00
   0.864573E-04   0.118681E+07   0.118681E+07   0.157958E+07   0.157951E+07   0.120952E+07   0.118708E+07   0.118681E+07   0.119281E+07  -0.601092E+00   0.118476E+07   0.118476E+07   0.801706E+00
   0.955501E-04   0.118680E+07   0.118680E+07   0.157894E+07   0.157886E+07   0.120937E+07   0.118706E+07   0.118680E+07   0.119280E+07  -0.601085E+00   0.118475E+07   0.118475E+07   0.885997E+00
   0.105599E-03   0.118679E+07   0.118679E+07   0.157816E+07   0.157806E+07   0.120918E+07   0.118705E+07   0.118679E+07   0.119278E+07  -0.601076E+00   0.118474E+07   0.118474E+07   0.979145E+00
   0.116705E-03   0.118678E+07   0.118677E+07   0.157721E+07   0.157708E+07   0.120896E+07   0.118703E+07   0.118678E+07   0.119276E+07  -0.601065E+00   0.118472E+07   0.118472E+07   0.108208E+01
   0.128979E-03   0.118676E+07   0.118676E+07   0.157604E+07   0.157589E+07   0.120868E+07   0.118701E+07   0.118676E+07   0.119273E+07  -0.601051E+00   0.118470E+07   0.118470E+07   0.119582E+01
   0.142544E-03   0.118674E+07   0.118673E+07   0.157462E+07   0.157443E+07   0.120835E+07   0.118699E+07   0.118673E+07   0.119270E+07  -0.601035E+00   0.118468E+07   0.118468E+07   0.132150E+01
   0.157535E-03   0.118671E+07   0.118671E+07   0.157289E+07   0.157266E+07   0.120794E+07   0.118695E+07   0.118671E+07   0.119266E+07  -0.601015E+00   0.118465E+07   0.118465E+07   0.146037E+01
   0.174104E-03   0.118668E+07   0.118667E+07   0.157077E+07   0.157049E+07   0.120744E+07   0.118692E+07   0.118667E+07   0.119262E+07  -0.600990E+00   0.118462E+07   0.118462E+07   0.161381E+01
   0.192414E-03   0.118663E+07   0.118663E+07   0.156819E+07   0.156785E+07   0.120682E+07   0.118687E+07   0.118663E+07   0.119256E+07  -0.600960E+00   0.118457E+07   0.118457E+07   0.178334E+01
   0.212651E-03   0.118659E+07   0.118658E+07   0.156504E+07   0.156463E+07   0.120608E+07   0.118681E+07   0.118658E+07   0.119249E+07  -0.600924E+00   0.118452E+07   0.118452E+07   0.197062E+01
   0.235015E-03   0.118652E+07   0.118652E+07   0.156121E+07   0.156070E+07   0.120517E+07   0.118674E+07   0.118652E+07   0.119241E+07  -0.600879E+00   0.118446E+07   0.118446E+07   0.217750E+01
   0.259732E-03   0.118645E+07   0.118644E+07   0.155653E+07   0.155592E+07   0.120406E+07   0.118665E+07   0.118645E+07   0.119230E+07  -0.600825E+00   0.118438E+07   0.118438E+07   0.240602E+01
   0.287048E-03   0.118636E+07   0.118635E+07   0.155084E+07   0.155009E+07   0.120271E+07   0.118655E+07   0.118636E+07   0.119218E+07  -0.600758E+00   0.118428E+07   0.118428E+07   0.265839E+01
   0.317237E-03   0.118625E+07   0.118624E+07   0.154391E+07   0.154301E+07   0.120105E+07   0.118642E+07   0.118625E+07   0.119203E+07  -0.600677E+00   0.118417E+07   0.118417E+07   0.293707E+01
   0.350602E-03   0.118612E+07   0.118611E+07   0.153549E+07   0.153439E+07   0.119904E+07   0.118627E+07   0.118612E+07   0.119184E+07  -0.600579E+00   0.118403E+07   0.118402E+07   0.324475E+01
   0.387475E-03   0.118595E+07   0.118594E+07   0.152526E+07   0.152393E+07   0.119659E+07   0.118608E+07   0.118595E+07   0.119161E+07  -0.600458E+00   0.118385E+07   0.118385E+07   0.358437E+01
   0.428226E-03   0.118575E+07   0.118574E+07   0.151285E+07   0.151124E+07   0.119361E+07   0.118584E+07   0.118575E+07   0.119134E+07  -0.600311E+00   0.118364E+07   0.118364E+07   0.395913E+01
   0.473263E-03   0.118551E+07   0.118549E+07   0.149782E+07   0.149588E+07   0.118998E+07   0.118556E+07   0.118551E+07   0.119100E+07  -0.600132E+00   0.118338E+07   0.118338E+07   0.437255E+01
   0.523036E-03   0.118522E+07   0.118519E+07   0.147965E+07   0.147731E+07   0.118558E+07   0.118522E+07   0.118521E+07   0.119059E+07  -0.599915E+00   0.118307E+07   0.118307E+07   0.482842E+01
   0.578045E-03   0.118485E+07   0.118482E+07   0.145773E+07   0.145492E+07   0.118023E+07   0.118480E+07   0.118485E+07   0.119009E+07  -0.599650E+00   0.118269E+07   0.118268E+07   0.533088E+01
   0.638838E-03   0.118441E+07   0.118437E+07   0.143136E+07   0.142801E+07   0.117374E+07   0.118428E+07   0.118441E+07   0.118948E+07  -0.599328E+00   0.118222E+07   0.118222E+07   0.588433E+01
   0.706025E-03   0.118388E+07   0.118383E+07   0.139974E+07   0.139576E+07   0.116589E+07   0.118366E+07   0.118387E+07   0.118874E+07  -0.598938E+00   0.118165E+07   0.118165E+07   0.649355E+01
   0.780278E-03   0.118323E+07   0.118317E+07   0.136199E+07   0.135730E+07   0.115641E+07   0.118291E+07   0.118322E+07   0.118785E+07  -0.598465E+00   0.118096E+07   0.118096E+07   0.716358E+01
   0.862341E-03   0.118244E+07   0.118236E+07   0.131716E+07   0.131166E+07   0.114499E+07   0.118199E+07   0.118243E+07   0.118677E+07  -0.597892E+00   0.118012E+07   0.118012E+07   0.789973E+01
   0.953034E-03   0.118148E+07   0.118139E+07   0.126425E+07   0.125787E+07   0.113127E+07   0.118088E+07   0.118146E+07   0.118547E+07  -0.597200E+00   0.117911E+07   0.117910E+07   0.870758E+01
   0.105327E-02   0.118031E+07   0.118020E+07   0.120229E+07   0.119498E+07   0.111486E+07   0.117954E+07   0.118030E+07   0.118390E+07  -0.596366E+00   0.117787E+07   0.117786E+07   0.959283E+01
   0.116404E-02   0.117891E+07   0.117877E+07   0.113043E+07   0.112219E+07   0.109531E+07   0.117792E+07   0.117889E+07   0.118202E+07  -0.595365E+00   0.117638E+07   0.117636E+07   0.105613E+02
   0.128646E-02   0.117721E+07   0.117704E+07   0.104809E+07   0.103898E+07   0.107215E+07   0.117596E+07   0.117718E+07   0.117977E+07  -0.594166E+00   0.117457E+07   0.117455E+07   0.116186E+02
   0.142176E-02   0.117516E+07   0.117496E+07   0.955140E+06   0.945319E+06   0.104490E+07   0.117362E+07   0.117513E+07   0.117708E+07  -0.592736E+00   0.117240E+07   0.117237E+07   0.127705E+02
   0.157129E-02   0.117269E+07   0.117245E+07   0.852155E+06   0.841918E+06   0.101310E+07   0.117081E+07   0.117266E+07   0.117390E+07  -0.591039E+00   0.116978E+07   0.116975E+07   0.140222E+02
   0.173654E-02   0.116975E+07   0.116945E+07   0.740712E+06   0.730513E+06   0.976380E+06   0.116746E+07   0.116970E+07   0.117015E+07  -0.589037E+00   0.116665E+07   0.116662E+07   0.153784E+02
   0.191918E-02   0.116623E+07   0.116587E+07   0.623674E+06   0.614136E+06   0.934950E+06   0.116350E+07   0.116618E+07   0.116576E+07  -0.586693E+00   0.116292E+07   0.116289E+07   0.168436E+02
   0.212102E-02   0.116206E+07   0.116161E+07   0.505396E+06   0.497284E+06   0.888047E+06   0.115881E+07   0.116199E+07   0.116065E+07  -0.583963E+00   0.115849E+07   0.115844E+07   0.184214E+02
   0.234409E-02   0.115713E+07   0.115659E+07   0.391709E+06   0.385834E+06   0.836263E+06   0.115333E+07   0.115705E+07   0.115475E+07  -0.580813E+00   0.115325E+07   0.115320E+07   0.201152E+02
   0.259062E-02   0.115134E+07   0.115068E+07   0.289484E+06   0.286520E+06   0.780436E+06   0.114694E+07   0.115124E+07   0.114799E+07  -0.577212E+00   0.114711E+07   0.114704E+07   0.219286E+02
   0.286307E-02   0.114460E+07   0.114380E+07   0.205596E+06   0.205813E+06   0.721786E+06   0.113957E+07   0.114447E+07   0.114032E+07  -0.573134E+00   0.113996E+07   0.113988E+07   0.238656E+02
   0.316418E-02   0.113680E+07   0.113582E+07   0.145190E+06   0.148152E+06   0.662037E+06   0.113114E+07   0.113664E+07   0.113167E+07  -0.568558E+00   0.113171E+07   0.113162E+07   0.259318E+02
   0.349696E-02   0.112784E+07   0.112665E+07   0.109526E+06   0.113919E+06   0.603289E+06   0.112158E+07   0.112766E+07   0.112197E+07  -0.563466E+00   0.112228E+07   0.112216E+07   0.281348E+02
   0.386474E-02   0.111765E+07   0.111620E+07   0.942352E+05   0.980686E+05   0.547693E+06   0.111082E+07   0.111742E+07   0.111116E+07  -0.557839E+00   0.111159E+07   0.111145E+07   0.304851E+02
   0.427120E-02   0.110614E+07   0.110439E+07   0.894545E+05   0.908421E+05   0.496967E+06   0.109881E+07   0.110587E+07   0.109913E+07  -0.551644E+00   0.109960E+07   0.109944E+07   0.329946E+02
   0.472041E-02   0.109325E+07   0.109112E+07   0.833057E+05   0.816969E+05   0.451866E+06   0.108548E+07   0.109292E+07   0.108579E+07  -0.544838E+00   0.108627E+07   0.108607E+07   0.356760E+02
   0.521686E-02   0.107891E+07   0.107633E+07   0.684453E+05   0.654670E+05   0.411844E+06   0.107078E+07   0.107851E+07   0.107102E+07  -0.537364E+00   0.107154E+07   0.107131E+07   0.385394E+02
   0.576552E-02   0.106305E+07   0.105993E+07   0.477027E+05   0.462753E+05   0.375246E+06   0.105460E+07   0.106257E+07   0.105477E+07  -0.529160E+00   0.105537E+07   0.105509E+07   0.415906E+02
   0.637188E-02   0.104561E+07   0.104184E+07   0.319111E+05   0.333424E+05   0.340194E+06   0.103685E+07   0.104502E+07   0.103697E+07  -0.520180E+00   0.103766E+07   0.103733E+07   0.448309E+02
   0.704202E-02   0.102652E+07   0.102197E+07   0.277072E+05   0.296167E+05   0.305777E+06   0.101746E+07   0.102581E+07   0.101756E+07  -0.510388E+00   0.101833E+07   0.101794E+07   0.482590E+02
   0.778264E-02   0.100569E+07   0.100022E+07   0.276687E+05   0.270183E+05   0.272505E+06   0.996348E+06   0.100484E+07   0.996449E+06  -0.499754E+00   0.997292E+06   0.996825E+06   0.518708E+02
   0.860115E-02   0.983067E+06   0.976490E+06   0.210487E+05   0.195566E+05   0.241303E+06   0.973453E+06   0.982041E+06   0.973529E+06  -0.488235E+00   0.974465E+06   0.973910E+06   0.556556E+02
   0.950573E-02   0.958563E+06   0.950679E+06   0.131211E+05   0.140674E+05   0.212082E+06   0.948692E+06   0.957332E+06   0.948739E+06  -0.475782E+00   0.949773E+06   0.949117E+06   0.595900E+02
   0.105055E-01   0.932104E+06   0.922683E+06   0.128087E+05   0.132925E+05   0.184328E+06   0.921981E+06   0.930634E+06   0.922028E+06  -0.462359E+00   0.923134E+06   0.922359E+06   0.636364E+02
   0.116103E-01   0.903622E+06   0.892403E+06   0.109545E+05   0.967034E+04   0.159083E+06   0.893259E+06   0.901871E+06   0.893299E+06  -0.447937E+00   0.894474E+06   0.893563E+06   0.677421E+02
   0.128314E-01   0.873053E+06   0.859749E+06   0.749581E+04   0.747563E+04   0.137445E+06   0.862472E+06   0.870976E+06   0.862499E+06  -0.432482E+00   0.863735E+06   0.862667E+06   0.718307E+02
   0.141809E-01   0.840343E+06   0.824648E+06   0.875801E+04   0.639520E+04   0.117440E+06   0.829540E+06   0.837893E+06   0.829572E+06  -0.415957E+00   0.830853E+06   0.829608E+06   0.757969E+02
   0.156723E-01   0.805455E+06   0.787051E+06   0.513514E+04   0.455512E+04   0.984630E+05   0.794419E+06   0.802582E+06   0.794438E+06  -0.398334E+00   0.795782E+06   0.794338E+06   0.795031E+02
   0.173206E-01   0.768381E+06   0.746960E+06   0.364564E+04   0.377463E+04   0.828061E+05   0.757128E+06   0.765037E+06   0.757141E+06  -0.379623E+00   0.758516E+06   0.756855E+06   0.827708E+02
   0.191422E-01   0.729167E+06   0.704459E+06   0.290223E+04   0.300344E+04   0.686332E+05   0.717697E+06   0.725310E+06   0.717707E+06  -0.359846E+00   0.719108E+06   0.717214E+06   0.853782E+02
   0.211554E-01   0.687934E+06   0.659747E+06   0.208603E+04   0.206315E+04   0.562622E+05   0.676262E+06   0.683534E+06   0.676269E+06  -0.339065E+00   0.677684E+06   0.675550E+06   0.870598E+02
   0.233803E-01   0.644914E+06   0.613190E+06   0.219874E+04   0.167230E+04   0.457779E+05   0.633073E+06   0.639962E+06   0.633081E+06  -0.317408E+00   0.634494E+06   0.632124E+06   0.875116E+02
   0.258393E-01   0.600490E+06   0.565373E+06   0.162077E+04   0.135802E+04   0.367728E+05   0.588537E+06   0.595009E+06   0.588542E+06  -0.295075E+00   0.589944E+06   0.587358E+06   0.864077E+02
   0.285568E-01   0.555231E+06   0.517142E+06   0.106319E+04   0.104342E+04   0.293403E+05   0.543258E+06   0.549286E+06   0.543261E+06  -0.272370E+00   0.544636E+06   0.541876E+06   0.834311E+02
   0.315601E-01   0.509922E+06   0.469638E+06   0.617209E+03   0.779059E+03   0.230264E+05   0.498062E+06   0.503634E+06   0.498064E+06  -0.249709E+00   0.499397E+06   0.496533E+06   0.783254E+02
   0.348794E-01   0.465559E+06   0.424262E+06   0.481581E+03   0.554802E+03   0.179439E+05   0.453998E+06   0.459113E+06   0.454000E+06  -0.227615E+00   0.455269E+06   0.452401E+06   0.709683E+02
   0.385477E-01   0.423292E+06   0.382562E+06   0.494131E+03   0.378863E+03   0.139116E+05   0.412262E+06   0.416934E+06   0.412263E+06  -0.206689E+00   0.413449E+06   0.410704E+06   0.614645E+02
   0.426017E-01   0.384278E+06   0.345982E+06   0.245065E+03   0.316886E+03   0.107257E+05   0.374039E+06   0.378301E+06   0.374040E+06  -0.187525E+00   0.375124E+06   0.372644E+06   0.502439E+02
   0.470822E-01   0.349442E+06   0.315478E+06   0.190160E+03   0.212425E+03   0.827009E+04   0.340247E+06   0.344141E+06   0.340248E+06  -0.170583E+00   0.341214E+06   0.339134E+06   0.381305E+02
   0.520339E-01   0.319150E+06   0.291025E+06   0.123222E+03   0.178758E+03   0.641519E+04   0.311185E+06   0.314760E+06   0.311185E+06  -0.156012E+00   0.312027E+06   0.310439E+06   0.263327E+02
   0.575064E-01   0.292895E+06   0.271213E+06   0.150271E+03   0.135973E+03   0.497676E+04   0.286212E+06   0.289510E+06   0.286212E+06  -0.143491E+00   0.286933E+06   0.285849E+06   0.162836E+02
   0.635544E-01   0.269199E+06   0.253214E+06   0.765055E+02   0.102521E+03   0.386167E+04   0.263656E+06   0.266704E+06   0.263657E+06  -0.132183E+00   0.264277E+06   0.263593E+06   0.929125E+01
   0.702384E-01   0.245955E+06   0.233524E+06   0.649714E+02   0.697292E+02   0.296177E+04   0.241220E+06   0.244015E+06   0.241220E+06  -0.120934E+00   0.241770E+06   0.241280E+06   0.602136E+01
   0.776255E-01   0.221389E+06   0.209624E+06   0.453403E+02   0.552445E+02   0.223320E+04   0.217033E+06   0.219552E+06   0.217033E+06  -0.108808E+00   0.217545E+06   0.217005E+06   0.601045E+01
   0.857894E-01   0.195356E+06   0.182030E+06   0.270962E+02   0.365023E+02   0.164316E+04   0.191054E+06   0.193276E+06   0.191054E+06  -0.957838E-01   0.191549E+06   0.190797E+06   0.756637E+01
   0.948120E-01   0.170062E+06   0.155097E+06   0.209330E+02   0.268193E+02   0.119007E+04   0.165795E+06   0.167726E+06   0.165795E+06  -0.831202E-01   0.166268E+06   0.165342E+06   0.843140E+01
   0.104783E+00   0.148932E+06   0.134663E+06   0.239534E+02   0.200284E+02   0.868087E+03   0.145014E+06   0.146705E+06   0.145014E+06  -0.727019E-01   0.145438E+06   0.144568E+06   0.716593E+01
   0.115804E+00   0.133512E+06   0.122696E+06   0.178450E+02   0.151747E+02   0.648346E+03   0.130303E+06   0.131824E+06   0.130303E+06  -0.653265E-01   0.130654E+06   0.130071E+06   0.434728E+01
   0.127983E+00   0.121089E+06   0.113893E+06   0.789680E+01   0.112454E+02   0.490800E+03   0.118580E+06   0.119965E+06   0.118580E+06  -0.594492E-01   0.118867E+06   0.118552E+06   0.212625E+01
   0.141443E+00   0.107191E+06   0.100804E+06   0.153861E+02   0.753825E+01   0.359547E+03   0.104967E+06   0.106194E+06   0.104967E+06  -0.526245E-01   0.105226E+06   0.104920E+06   0.186593E+01
   0.156318E+00   0.918153E+05   0.843249E+05   0.245359E+01   0.549194E+01   0.254123E+03   0.895981E+05   0.906461E+05   0.895981E+05  -0.449193E-01   0.898459E+05   0.894095E+05   0.240960E+01
   0.172759E+00   0.796874E+05   0.728508E+05   0.401678E+01   0.345389E+01   0.182764E+03   0.777108E+05   0.786202E+05   0.777109E+05  -0.389597E-01   0.779277E+05   0.775383E+05   0.194535E+01
   0.190928E+00   0.713615E+05   0.667093E+05   0.468559E+00   0.266027E+01   0.135392E+03   0.698180E+05   0.706354E+05   0.698180E+05  -0.350026E-01   0.699936E+05   0.697706E+05   0.100830E+01
   0.211008E+00   0.621463E+05   0.578552E+05   0.200113E+01   0.180487E+01   0.973132E+02   0.607648E+05   0.614765E+05   0.607649E+05  -0.304639E-01   0.609225E+05   0.606975E+05   0.920123E+00
   0.233200E+00   0.531335E+05   0.487967E+05   0.162315E+01   0.145699E+01   0.685495E+02   0.518492E+05   0.524566E+05   0.518492E+05  -0.259941E-01   0.519917E+05   0.517484E+05   0.900493E+00
   0.257726E+00   0.468627E+05   0.436644E+05   0.449532E+00   0.902322E+00   0.498464E+02   0.458265E+05   0.463634E+05   0.458265E+05  -0.229747E-01   0.459441E+05   0.457837E+05   0.537319E+00
   0.284831E+00   0.403210E+05   0.372983E+05   0.136356E+01   0.742144E+00   0.352455E+02   0.393876E+05   0.398492E+05   0.393876E+05  -0.197466E-01   0.394927E+05   0.393288E+05   0.496505E+00
   0.314787E+00   0.348939E+05   0.323487E+05   0.895068E+00   0.544317E+00   0.250899E+02   0.340970E+05   0.344966E+05   0.340970E+05  -0.170942E-01   0.341867E+05   0.340534E+05   0.365338E+00
   0.347893E+00   0.301278E+05   0.279172E+05   0.358616E+00   0.314607E+00   0.178243E+02   0.294377E+05   0.297828E+05   0.294377E+05  -0.147583E-01   0.295155E+05   0.293979E+05   0.291882E+00
   0.384481E+00   0.259574E+05   0.240734E+05   0.189304E+00   0.279921E+00   0.126124E+02   0.253659E+05   0.256633E+05   0.253659E+05  -0.127170E-01   0.254326E+05   0.253339E+05   0.221632E+00
   0.424918E+00   0.222914E+05   0.206444E+05   0.183918E+00   0.186618E+00   0.888320E+01   0.217790E+05   0.220343E+05   0.217790E+05  -0.109187E-01   0.218367E+05   0.217491E+05   0.177826E+00
   0.469607E+00   0.191646E+05   0.177714E+05   0.120628E+00   0.133917E+00   0.626854E+01   0.187276E+05   0.189472E+05   0.187276E+05  -0.938889E-02   0.187769E+05   0.187036E+05   0.134731E+00
   0.518996E+00   0.164195E+05   0.152212E+05   0.108107E+00   0.981154E-01   0.439801E+01   0.160443E+05   0.162324E+05   0.160443E+05  -0.804365E-02   0.160866E+05   0.160235E+05   0.104944E+00
   0.573579E+00   0.140506E+05   0.130230E+05   0.687471E-01   0.614221E-01   0.309398E+01   0.137292E+05   0.138902E+05   0.137292E+05  -0.688301E-02   0.137654E+05   0.137112E+05   0.815445E-01
   0.633902E+00   0.120094E+05   0.111316E+05   0.448558E-01   0.354477E-01   0.217068E+01   0.117347E+05   0.118723E+05   0.117347E+05  -0.588309E-02   0.117657E+05   0.117194E+05   0.629972E-01
   0.700571E+00   0.102507E+05   0.950185E+04   0.319416E-01   0.283082E-01   0.151871E+01   0.100163E+05   0.101338E+05   0.100163E+05  -0.502158E-02   0.100427E+05   0.100033E+05   0.486015E-01
   0.774251E+00   0.873824E+04   0.810013E+04   0.220333E-01   0.164176E-01   0.106236E+01   0.853849E+04   0.863864E+04   0.853849E+04  -0.428069E-02   0.856102E+04   0.852741E+04   0.374626E-01
   0.855679E+00   0.743964E+04   0.689647E+04   0.154426E-01   0.114863E-01   0.737652E+00   0.726959E+04   0.735485E+04   0.726959E+04  -0.364454E-02   0.728877E+04   0.726017E+04   0.288464E-01
   0.945672E+00   0.632657E+04   0.586474E+04   0.107048E-01   0.966427E-02   0.514802E+00   0.618198E+04   0.625448E+04   0.618198E+04  -0.309928E-02   0.619828E+04   0.617397E+04   0.221890E-01
   0.104513E+01   0.537410E+04   0.498184E+04   0.745067E-02   0.592900E-02   0.358360E+00   0.525128E+04   0.531287E+04   0.525128E+04  -0.263268E-02   0.526513E+04   0.524448E+04   0.170502E-01
   0.115505E+01   0.456012E+04   0.422731E+04   0.517480E-02   0.586526E-02   0.249537E+00   0.445591E+04   0.450817E+04   0.445591E+04  -0.223393E-02   0.446766E+04   0.445015E+04   0.130881E-01
   0.127652E+01   0.386554E+04   0.358346E+04   0.359124E-02   0.253137E-02   0.172931E+00   0.377721E+04   0.382151E+04   0.377721E+04  -0.189367E-02   0.378717E+04   0.377233E+04   0.100370E-01
   0.141078E+01   0.327358E+04   0.303471E+04   0.248997E-02   0.169682E-02   0.119786E+00   0.319877E+04   0.323629E+04   0.319877E+04  -0.160367E-02   0.320721E+04   0.319464E+04   0.769018E-02
   0.155915E+01   0.276971E+04   0.256762E+04   0.172483E-02   0.104374E-02   0.831181E-01   0.270642E+04   0.273817E+04   0.270642E+04  -0.135684E-02   0.271356E+04   0.270292E+04   0.588696E-02
   0.172313E+01   0.234132E+04   0.217051E+04   0.119376E-02   0.783854E-03   0.576754E-01   0.228783E+04   0.231466E+04   0.228783E+04  -0.114698E-02   0.229386E+04   0.228487E+04   0.450284E-02
   0.190435E+01   0.197751E+04   0.183324E+04   0.825488E-03   0.656105E-03   0.399226E-01   0.193232E+04   0.195499E+04   0.193232E+04  -0.968753E-03   0.193742E+04   0.192983E+04   0.344144E-02
   0.210463E+01   0.166888E+04   0.154714E+04   0.570376E-03   0.373948E-03   0.275201E-01   0.163075E+04   0.164988E+04   0.163075E+04  -0.817562E-03   0.163505E+04   0.162864E+04   0.262831E-02
   0.232598E+01   0.140733E+04   0.130467E+04   0.393803E-03   0.392637E-03   0.190232E-01   0.137518E+04   0.139131E+04   0.137518E+04  -0.689433E-03   0.137880E+04   0.137340E+04   0.200593E-02
   0.257060E+01   0.118589E+04   0.109939E+04   0.271688E-03   0.331429E-03   0.130149E-01   0.115880E+04   0.117239E+04   0.115880E+04  -0.580953E-03   0.116185E+04   0.115730E+04   0.152994E-02
   0.284095E+01   0.998591E+03   0.925751E+03   0.187307E-03   0.909686E-04   0.899171E-02   0.975776E+03   0.987222E+03   0.975776E+03  -0.489196E-03   0.978349E+03   0.974511E+03   0.116622E-02
   0.313974E+01   0.840296E+03   0.779002E+03   0.129045E-03   0.161335E-03   0.622685E-02   0.821097E+03   0.830728E+03   0.821097E+03  -0.411649E-03   0.823262E+03   0.820030E+03   0.888488E-03
   0.346995E+01   0.706632E+03   0.655088E+03   0.888478E-04   0.100229E-03   0.427674E-02   0.690488E+03   0.698587E+03   0.690488E+03  -0.346170E-03   0.692309E+03   0.689589E+03   0.676571E-03
   0.383489E+01   0.593859E+03   0.550540E+03   0.611339E-04   0.642566E-04   0.293126E-02   0.580291E+03   0.587097E+03   0.580291E+03  -0.290923E-03   0.581821E+03   0.579533E+03   0.514983E-03
   0.423821E+01   0.498783E+03   0.462398E+03   0.420391E-04   0.178349E-04   0.201721E-02   0.487387E+03   0.493104E+03   0.487387E+03  -0.244347E-03   0.488672E+03   0.486748E+03   0.391849E-03
   0.468394E+01   0.418686E+03   0.388142E+03   0.288919E-04   0.373616E-04   0.138009E-02   0.409120E+03   0.413919E+03   0.409120E+03  -0.205108E-03   0.410199E+03   0.408581E+03   0.298074E-03
   0.517656E+01   0.351257E+03   0.325630E+03   0.198452E-04   0.203862E-04   0.958685E-03   0.343231E+03   0.347257E+03   0.343231E+03  -0.172076E-03   0.344137E+03   0.342777E+03   0.226698E-03
   0.572098E+01   0.294530E+03   0.273039E+03   0.136240E-04   0.260071E-05   0.656015E-03   0.287800E+03   0.291175E+03   0.287800E+03  -0.144286E-03   0.288559E+03   0.287416E+03   0.172397E-03
   0.632266E+01   0.246837E+03   0.228823E+03   0.934820E-05  -0.129695E-05   0.449388E-03   0.241196E+03   0.244026E+03   0.241196E+03  -0.120922E-03   0.241833E+03   0.240873E+03   0.131106E-03
   0.698762E+01   0.206765E+03   0.191673E+03   0.641118E-05   0.112454E-05   0.310168E-03   0.202040E+03   0.204410E+03   0.202040E+03  -0.101291E-03   0.202573E+03   0.201766E+03   0.997195E-04
   0.772251E+01   0.173117E+03   0.160477E+03   0.439483E-05   0.538146E-05   0.210657E-03   0.169159E+03   0.171144E+03   0.169159E+03  -0.848065E-04   0.169606E+03   0.168928E+03   0.758706E-04
   0.853470E+01   0.144877E+03   0.134296E+03   0.301124E-05  -0.649175E-06   0.144788E-03   0.141565E+03   0.143225E+03   0.141565E+03  -0.709722E-04   0.141939E+03   0.141368E+03   0.577533E-04
   0.943231E+01   0.121190E+03   0.112336E+03   0.206232E-05   0.296354E-05   0.994852E-04   0.118419E+03   0.119808E+03   0.118419E+03  -0.593683E-04   0.118732E+03   0.118252E+03   0.439932E-04
   0.104243E+02   0.101333E+03   0.939259E+02   0.141183E-05   0.114421E-05   0.686204E-04   0.990156E+02   0.100177E+03   0.990156E+02  -0.496406E-04   0.992778E+02   0.988727E+02   0.335435E-04
   0.115206E+02   0.846949E+02   0.785000E+02   0.966109E-06  -0.659790E-06   0.464376E-04   0.827572E+02   0.837279E+02   0.827572E+02  -0.414895E-04   0.829766E+02   0.826348E+02   0.256077E-04
   0.127323E+02   0.707603E+02   0.655808E+02   0.660845E-06  -0.599762E-06   0.314375E-04   0.691408E+02   0.699519E+02   0.691408E+02  -0.346631E-04   0.693244E+02   0.690355E+02   0.195804E-04
   0.140713E+02   0.590956E+02   0.547660E+02   0.451860E-06  -0.197553E-06   0.218529E-04   0.577425E+02   0.584198E+02   0.577425E+02  -0.289487E-04   0.578960E+02   0.576514E+02   0.150014E-04
   0.155512E+02   0.493354E+02   0.457168E+02   0.308848E-06  -0.265675E-06   0.150339E-04   0.482052E+02   0.487706E+02   0.482052E+02  -0.241672E-04   0.483336E+02   0.481260E+02   0.115213E-04
   0.171868E+02   0.411725E+02   0.381485E+02   0.211023E-06   0.650946E-08   0.998410E-05   0.402286E+02   0.407005E+02   0.402286E+02  -0.201683E-04   0.403361E+02   0.401594E+02   0.887471E-05
   0.189943E+02   0.343482E+02   0.318211E+02   0.144132E-06   0.272594E-06   0.704675E-05   0.335601E+02   0.339538E+02   0.335601E+02  -0.168250E-04   0.336500E+02   0.334990E+02   0.686029E-05
   0.209920E+02   0.286454E+02   0.265335E+02   0.984114E-07  -0.184192E-06   0.470872E-05   0.279875E+02   0.283158E+02   0.279875E+02  -0.140313E-04   0.280627E+02   0.279332E+02   0.532536E-05
   0.231997E+02   0.238816E+02   0.221164E+02   0.671712E-07   0.976023E-07   0.323467E-05   0.233324E+02   0.236060E+02   0.233324E+02  -0.116975E-04   0.233953E+02   0.232837E+02   0.415409E-05
   0.256397E+02   0.199036E+02   0.184280E+02   0.458332E-07   0.513728E-07   0.220239E-05   0.194452E+02   0.196733E+02   0.194452E+02  -0.974867E-05   0.194980E+02   0.194012E+02   0.325872E-05
   0.283362E+02   0.165832E+02   0.153491E+02   0.312637E-07  -0.216196E-07   0.151999E-05   0.162005E+02   0.163906E+02   0.162005E+02  -0.812199E-05   0.162448E+02   0.161603E+02   0.257274E-05
   0.313164E+02   0.138125E+02   0.127799E+02   0.213188E-07   0.151699E-08   0.103300E-05   0.134930E+02   0.136513E+02   0.134930E+02  -0.676461E-05   0.135302E+02   0.134560E+02   0.204573E-05
   0.346099E+02   0.115013E+02   0.106368E+02   0.145330E-07   0.560346E-08   0.708270E-06   0.112346E+02   0.113664E+02   0.112346E+02  -0.563237E-05   0.112658E+02   0.112001E+02   0.163951E-05
   0.382499E+02   0.957413E+01   0.884959E+01   0.990405E-08  -0.192509E-07   0.469644E-06   0.935134E+01   0.946103E+01   0.935134E+01  -0.468821E-05   0.937763E+01   0.931890E+01   0.132517E-05
   0.422727E+02   0.796759E+01   0.735970E+01   0.674746E-08  -0.230121E-07   0.312831E-06   0.778143E+01   0.787271E+01   0.778143E+01  -0.390115E-05   0.780361E+01   0.775067E+01   0.108079E-05
   0.467185E+02   0.662880E+01   0.611804E+01   0.459557E-08   0.344821E-08   0.225415E-06   0.647314E+01   0.654907E+01   0.647314E+01  -0.324525E-05   0.649190E+01   0.644374E+01   0.889764E-06
   0.516319E+02   0.551343E+01   0.508354E+01   0.312900E-08  -0.420456E-08   0.152967E-06   0.538319E+01   0.544633E+01   0.538319E+01  -0.269881E-05   0.539910E+01   0.535486E+01   0.739510E-06
