5.8104000000e-06	1.0389977047e+00
6.4215000000e-06	1.0389977047e+00
7.0969000000e-06	1.0389977046e+00
7.8433000000e-06	1.0389977046e+00
8.6682000000e-06	1.0389976180e+00
9.5798000000e-06	1.0389976982e+00
1.0587000000e-05	1.0389192256e+00
1.1701000000e-05	1.0389193194e+00
1.2931000000e-05	1.0389193192e+00
1.4291000000e-05	1.0390042017e+00
1.5794000000e-05	1.0390041327e+00
1.7456000000e-05	1.0390039917e+00
1.9291000000e-05	1.0390039198e+00
2.1320000000e-05	1.0390038475e+00
2.3563000000e-05	1.0390038418e+00
2.6041000000e-05	1.0390035709e+00
2.8779000000e-05	1.0390032279e+00
3.1806000000e-05	1.0390023314e+00
3.5151000000e-05	1.0390022017e+00
3.8848000000e-05	1.0390014476e+00
4.2934000000e-05	1.0389226472e+00
4.7449000000e-05	1.0390071761e+00
5.2439000000e-05	1.0390057929e+00
5.7954000000e-05	1.0390045491e+00
6.4050000000e-05	1.0390104922e+00
7.0786000000e-05	1.0390082188e+00
7.8230000000e-05	1.0390134057e+00
8.6458000000e-05	1.0389323334e+00
9.5551000000e-05	1.0389357389e+00
1.0560000000e-04	1.0389386983e+00
1.1671000000e-04	1.0390257523e+00
1.2898000000e-04	1.0389485100e+00
1.4254000000e-04	1.0389548508e+00
1.5754000000e-04	1.0389663618e+00
1.7410000000e-04	1.0389759361e+00
1.9242000000e-04	1.0389052810e+00
2.1265000000e-04	1.0389230942e+00
2.3502000000e-04	1.0389375976e+00
2.5973000000e-04	1.0389614294e+00
2.8705000000e-04	1.0389087575e+00
3.1724000000e-04	1.0389411219e+00
3.5060000000e-04	1.0389010420e+00
3.8748000000e-04	1.0387869318e+00
4.2823000000e-04	1.0387664815e+00
4.7327000000e-04	1.0387592380e+00
5.2304000000e-04	1.0386896203e+00
5.7805000000e-04	1.0385546142e+00
6.3884000000e-04	1.0385268122e+00
7.0603000000e-04	1.0383647112e+00
7.8028000000e-04	1.0381604043e+00
8.6235000000e-04	1.0380831627e+00
9.5304000000e-04	1.0378933068e+00
1.0533000000e-03	1.0376065734e+00
1.1640000000e-03	1.0373190975e+00
1.2865000000e-03	1.0369625034e+00
1.4218000000e-03	1.0364820114e+00
1.5713000000e-03	1.0359785845e+00
1.7366000000e-03	1.0353227008e+00
1.9192000000e-03	1.0345441080e+00
2.1210000000e-03	1.0336126665e+00
2.3441000000e-03	1.0324817573e+00
2.5906000000e-03	1.0311443082e+00
2.8631000000e-03	1.0295727990e+00
3.1642000000e-03	1.0277696410e+00
3.4970000000e-03	1.0255692077e+00
3.8648000000e-03	1.0229864056e+00
4.2712000000e-03	1.0201257181e+00
4.7204000000e-03	1.0168498958e+00
5.2169000000e-03	1.0132749566e+00
5.7656000000e-03	1.0095104521e+00
6.3719000000e-03	1.0053926153e+00
7.0421000000e-03	1.0012756710e+00
7.7827000000e-03	9.9740387870e-01
8.6012000000e-03	9.9362415726e-01
9.5058000000e-03	9.9021805769e-01
1.0506000000e-02	9.8717616766e-01
1.1610000000e-02	9.8456739088e-01
1.2831000000e-02	9.8198052338e-01
1.4181000000e-02	9.7919468216e-01
1.5672000000e-02	9.7631347142e-01
1.7321000000e-02	9.7305496921e-01
1.9142000000e-02	9.6966799524e-01
2.1156000000e-02	9.6583469440e-01
2.3380000000e-02	9.6152312875e-01
2.5839000000e-02	9.5686648111e-01
2.8557000000e-02	9.5198193630e-01
3.1560000000e-02	9.4679584924e-01
3.4880000000e-02	9.4196804955e-01
3.8548000000e-02	9.3795932762e-01
4.2602000000e-02	9.3559036786e-01
4.7083000000e-02	9.3561061897e-01
5.2034000000e-02	9.3851766134e-01
5.7507000000e-02	9.4378211080e-01
6.3555000000e-02	9.4974152458e-01
7.0239000000e-02	9.5370877542e-01
7.7626000000e-02	9.5316130524e-01
8.5790000000e-02	9.4732942857e-01
9.4813000000e-02	9.3920754308e-01
1.0478000000e-01	9.3551787539e-01
1.1580000000e-01	9.4077041119e-01
1.2798000000e-01	9.4949205143e-01
1.4144000000e-01	9.5000337611e-01
1.5632000000e-01	9.4125279843e-01
1.7276000000e-01	9.3904992936e-01
1.9093000000e-01	9.4731798165e-01
2.1101000000e-01	9.4607210177e-01
2.3320000000e-01	9.4086516917e-01
2.5773000000e-01	9.4603341690e-01
2.8483000000e-01	9.4350689537e-01
3.1479000000e-01	9.4413479030e-01
3.4790000000e-01	9.4406656181e-01
3.8448000000e-01	9.4430965951e-01
4.2492000000e-01	9.4380229477e-01
4.6961000000e-01	9.4428691480e-01
5.1900000000e-01	9.4412248079e-01
5.7358000000e-01	9.4404204434e-01
6.3391000000e-01	9.4405749334e-01
7.0058000000e-01	9.4415893262e-01
7.7426000000e-01	9.4410565274e-01
8.5568000000e-01	9.4407418694e-01
9.4568000000e-01	9.4403557638e-01
1.0451000000e+00	9.4412551263e-01
1.1551000000e+00	9.4412508642e-01
1.2765000000e+00	9.4410083137e-01
1.4108000000e+00	9.4411917944e-01
1.5592000000e+00	9.4411189262e-01
1.7231000000e+00	9.4408478538e-01
1.9044000000e+00	9.4412035012e-01
2.1046000000e+00	9.4411928140e-01
2.3260000000e+00	9.4409940607e-01
2.5706000000e+00	9.4414803168e-01
2.8410000000e+00	9.4419909465e-01
3.1398000000e+00	9.4412849481e-01
3.4700000000e+00	9.4406936856e-01
3.8349000000e+00	9.4405689322e-01
4.2382000000e+00	9.4407658310e-01
4.6840000000e+00	9.4411306899e-01
5.1766000000e+00	9.4411945197e-01
5.7210000000e+00	9.4409740971e-01
6.3227000000e+00	9.4411922475e-01
6.9877000000e+00	9.4408099495e-01
7.7226000000e+00	9.4410530009e-01
8.5348000000e+00	9.4409032749e-01
9.4324000000e+00	9.4412240014e-01
1.0424000000e+01	9.4408873436e-01
1.1521000000e+01	9.4416367536e-01
1.2732000000e+01	9.4403332269e-01
1.4071000000e+01	9.4406750873e-01
1.5551000000e+01	9.4409585042e-01
1.7187000000e+01	9.4407516020e-01
1.8994000000e+01	9.4407053926e-01
2.0992000000e+01	9.4407275163e-01
2.3200000000e+01	9.4406521217e-01
2.5640000000e+01	9.4408270719e-01
2.8336000000e+01	9.4404577669e-01
3.1317000000e+01	9.4404726017e-01
3.4610000000e+01	9.4398332552e-01
3.8250000000e+01	9.4392725944e-01
4.2273000000e+01	9.4398553372e-01
4.6719000000e+01	9.4398286521e-01
5.1632000000e+01	9.4389328803e-01
