5.8104000000e-06	9.2585403827e-01
6.4215000000e-06	9.2585367264e-01
7.0968000000e-06	9.2584453287e-01
7.8432000000e-06	9.2584400978e-01
8.6681000000e-06	9.2584336784e-01
9.5797000000e-06	9.2584254581e-01
1.0587000000e-05	9.2585091671e-01
1.1701000000e-05	9.2585112211e-01
1.2931000000e-05	9.2584097869e-01
1.4291000000e-05	9.2584851715e-01
1.5794000000e-05	9.2583903989e-01
1.7455000000e-05	9.2584740573e-01
1.9291000000e-05	9.2584619332e-01
2.1320000000e-05	9.2584267631e-01
2.3562000000e-05	9.2583129845e-01
2.6040000000e-05	9.2583673484e-01
2.8779000000e-05	9.2582427691e-01
3.1806000000e-05	9.2581950432e-01
3.5151000000e-05	9.2580400956e-01
3.8848000000e-05	9.2579527063e-01
4.2933000000e-05	9.2578663655e-01
4.7449000000e-05	9.2577670035e-01
5.2439000000e-05	9.2576283455e-01
5.7954000000e-05	9.2573670901e-01
6.4049000000e-05	9.2571804513e-01
7.0785000000e-05	9.2568054714e-01
7.8230000000e-05	9.2564439194e-01
8.6457000000e-05	9.2559040538e-01
9.5550000000e-05	9.2553572038e-01
1.0560000000e-04	9.2546097483e-01
1.1671000000e-04	9.2538852692e-01
1.2898000000e-04	9.2527937153e-01
1.4254000000e-04	9.2515042011e-01
1.5754000000e-04	9.2499313123e-01
1.7410000000e-04	9.2481703186e-01
1.9241000000e-04	9.2457290703e-01
2.1265000000e-04	9.2430239758e-01
2.3502000000e-04	9.2395052712e-01
2.5973000000e-04	9.2353925476e-01
2.8705000000e-04	9.2303288969e-01
3.1724000000e-04	9.2241097853e-01
3.5060000000e-04	9.2164360113e-01
3.8747000000e-04	9.2069862805e-01
4.2823000000e-04	9.1955807530e-01
4.7326000000e-04	9.1817655668e-01
5.2304000000e-04	9.1646793069e-01
5.7804000000e-04	9.1438651534e-01
6.3884000000e-04	9.1185872250e-01
7.0603000000e-04	9.0875784276e-01
7.8028000000e-04	9.0498709573e-01
8.6234000000e-04	9.0038407585e-01
9.5303000000e-04	8.9475454991e-01
1.0533000000e-03	8.8788890973e-01
1.1640000000e-03	8.7953201523e-01
1.2865000000e-03	8.6931923169e-01
1.4218000000e-03	8.5690312872e-01
1.5713000000e-03	8.4179392773e-01
1.7365000000e-03	8.2344564430e-01
1.9192000000e-03	8.0116515613e-01
2.1210000000e-03	7.7427861652e-01
2.3441000000e-03	7.4190840384e-01
2.5906000000e-03	7.0327701401e-01
2.8631000000e-03	6.5765898135e-01
3.1642000000e-03	6.0498522565e-01
3.4970000000e-03	5.4626289954e-01
3.8647000000e-03	4.8542753031e-01
4.2712000000e-03	4.3208884773e-01
4.7204000000e-03	4.0705484427e-01
5.2169000000e-03	4.4816710633e-01
5.7655000000e-03	6.0692942400e-01
6.3719000000e-03	9.0383959110e-01
7.0420000000e-03	1.2498466971e+00
7.7826000000e-03	1.4751313828e+00
8.6011000000e-03	1.5138551980e+00
9.5057000000e-03	1.4909822047e+00
1.0505000000e-02	1.7233904887e+00
1.1610000000e-02	2.6660628624e+00
1.2831000000e-02	3.9609773486e+00
1.4181000000e-02	4.2699914696e+00
1.5672000000e-02	4.0493459298e+00
1.7321000000e-02	4.2204049504e+00
1.9142000000e-02	3.8937997089e+00
2.1155000000e-02	2.5704174211e+00
2.3380000000e-02	1.4275473642e+00
2.5839000000e-02	-1.1944972727e-01
2.8557000000e-02	-2.2284316500e+00
3.1560000000e-02	-2.3908506465e+00
3.4879000000e-02	3.4525561176e+00
3.8548000000e-02	9.1865416169e+00
4.2602000000e-02	6.5163573434e+00
4.7082000000e-02	7.3697419636e-01
5.2034000000e-02	-6.2658509821e+00
5.7506000000e-02	7.5100256540e-01
6.3554000000e-02	1.3534626317e+01
7.0238000000e-02	-7.4672777448e-02
7.7625000000e-02	-1.3539785434e+01
8.5789000000e-02	1.9100014604e+01
9.4812000000e-02	-3.7555994095e+00
1.0478000000e-01	4.5096495038e+00
1.1580000000e-01	2.1739837962e+00
1.2798000000e-01	7.1467012852e+00
1.4144000000e-01	-8.0068903657e+00
1.5632000000e-01	3.2261936676e+01
1.7276000000e-01	-1.6062810045e+01
1.9093000000e-01	-3.0573761715e+01
2.1101000000e-01	-1.1190220761e+01
2.3320000000e-01	-5.7510100423e+00
2.5773000000e-01	-1.7726612003e+01
2.8483000000e-01	-6.0465171449e+01
3.1479000000e-01	4.7514410328e+01
3.4789000000e-01	7.0184625680e+00
3.8448000000e-01	5.9366930658e+01
4.2492000000e-01	-9.6579270176e+01
4.6961000000e-01	-7.4478408958e+01
5.1900000000e-01	-1.2308786421e+02
5.7358000000e-01	1.2819521156e+02
6.3390000000e-01	-1.5833500479e+02
7.0057000000e-01	-8.4537564320e+01
7.7425000000e-01	-1.7006775586e+02
8.5568000000e-01	9.8233953236e+01
9.4567000000e-01	2.1316737854e+02
1.0451000000e+00	-1.7603278089e+00
1.1550000000e+00	1.8516312895e+02
1.2765000000e+00	2.4963371382e+01
1.4108000000e+00	2.7146029582e+02
1.5591000000e+00	-1.8400811745e+02
1.7231000000e+00	-3.0439113647e+02
1.9043000000e+00	-6.0822360453e+00
2.1046000000e+00	5.7057135876e+02
2.3260000000e+00	-3.5644609880e+02
2.5706000000e+00	6.3662259764e+02
2.8410000000e+00	-7.6015912362e+02
3.1397000000e+00	-3.7182695627e+02
3.4700000000e+00	-7.6033188467e+02
3.8349000000e+00	-4.0403978881e+02
4.2382000000e+00	8.4762405412e+01
4.6839000000e+00	7.7432370342e+02
5.1766000000e+00	4.1797348025e+02
5.7210000000e+00	-2.3082958299e+03
6.3227000000e+00	-4.3058270736e+02
6.9876000000e+00	4.8423367665e+02
7.7225000000e+00	7.4642063247e+02
8.5347000000e+00	5.1502968255e+02
9.4323000000e+00	-2.2884141755e+03
1.0424000000e+01	9.9365847189e+02
1.1521000000e+01	-1.2429152126e+03
1.2732000000e+01	-3.2115947626e+03
1.4071000000e+01	-2.8352669049e+02
1.5551000000e+01	-9.2956443645e+02
1.7187000000e+01	-1.2200223891e+03
1.8994000000e+01	-2.6543797620e+02
2.0992000000e+01	3.3975424636e+02
2.3200000000e+01	-9.0319104760e+02
2.5640000000e+01	-2.9752034054e+03
2.8336000000e+01	2.2963137188e+03
3.1316000000e+01	2.7730914196e+03
3.4610000000e+01	-6.6654422195e+03
3.8250000000e+01	-3.9822563013e+03
4.2273000000e+01	2.3238224548e+05
4.6718000000e+01	-4.4824837406e+02
5.1632000000e+01	-3.0377892140e+04
