5.8104000000e-06	5.9682700772e-03
6.4215000000e-06	6.5710824192e-03
7.0969000000e-06	7.2350341617e-03
7.8433000000e-06	7.9659174128e-03
8.6682000000e-06	8.7707035206e-03
9.5798000000e-06	9.6565899091e-03
1.0587000000e-05	1.0632988663e-02
1.1701000000e-05	1.1707032786e-02
1.2931000000e-05	1.2889558200e-02
1.4291000000e-05	1.4190686142e-02
1.5794000000e-05	1.5624108967e-02
1.7456000000e-05	1.7202427518e-02
1.9291000000e-05	1.8940260655e-02
2.1320000000e-05	2.0853623045e-02
2.3563000000e-05	2.2959594575e-02
2.6041000000e-05	2.5278166045e-02
2.8779000000e-05	2.7832833627e-02
3.1806000000e-05	3.0644719077e-02
3.5151000000e-05	3.3739629252e-02
3.8848000000e-05	3.7147651653e-02
4.2934000000e-05	4.0900885581e-02
4.7449000000e-05	4.5027964357e-02
5.2439000000e-05	4.9575390964e-02
5.7954000000e-05	5.4580326348e-02
6.4050000000e-05	6.0090251068e-02
7.0786000000e-05	6.6156495573e-02
7.8230000000e-05	7.2830145753e-02
8.6458000000e-05	8.0183100272e-02
9.5551000000e-05	8.8272292045e-02
1.0560000000e-04	9.7172315111e-02
1.1671000000e-04	1.0695501676e-01
1.2898000000e-04	1.1773625162e-01
1.4254000000e-04	1.2958984136e-01
1.5754000000e-04	1.4262566936e-01
1.7410000000e-04	1.5695353442e-01
1.9242000000e-04	1.7271895045e-01
2.1265000000e-04	1.9002896087e-01
2.3502000000e-04	2.0904224039e-01
2.5973000000e-04	2.2990334332e-01
2.8705000000e-04	2.5281113124e-01
3.1724000000e-04	2.7789687752e-01
3.5060000000e-04	3.0538780895e-01
3.8748000000e-04	3.3549041039e-01
4.2823000000e-04	3.6832298300e-01
4.7327000000e-04	4.0410745205e-01
5.2304000000e-04	4.4304448231e-01
5.7805000000e-04	4.8533090553e-01
6.3884000000e-04	5.3098861311e-01
7.0603000000e-04	5.8021933731e-01
7.8028000000e-04	6.3300404802e-01
8.6235000000e-04	6.8911074732e-01
9.5304000000e-04	7.4842295046e-01
1.0533000000e-03	8.1054243900e-01
1.1640000000e-03	8.7463212199e-01
1.2865000000e-03	9.3975817376e-01
1.4218000000e-03	1.0044948576e+00
1.5713000000e-03	1.0668560001e+00
1.7366000000e-03	1.1243930371e+00
1.9192000000e-03	1.1740807864e+00
2.1210000000e-03	1.2119763542e+00
2.3441000000e-03	1.2338085070e+00
2.5906000000e-03	1.2349777395e+00
2.8631000000e-03	1.2109772305e+00
3.1642000000e-03	1.1579323607e+00
3.4970000000e-03	1.0740850928e+00
3.8648000000e-03	9.6008202960e-01
4.2712000000e-03	8.2073854369e-01
4.7204000000e-03	6.6537478455e-01
5.2169000000e-03	5.0709800221e-01
5.7656000000e-03	3.6083636478e-01
6.3719000000e-03	2.3976273051e-01
7.0421000000e-03	1.5111567061e-01
7.7827000000e-03	9.4612442775e-02
8.6012000000e-03	6.3787012437e-02
9.5058000000e-03	4.9727788867e-02
1.0506000000e-02	4.3929304746e-02
1.1610000000e-02	3.8879818520e-02
1.2831000000e-02	3.0116986713e-02
1.4181000000e-02	1.9453511518e-02
1.5672000000e-02	1.1913366579e-02
1.7321000000e-02	8.8584864861e-03
1.9142000000e-02	7.4894544486e-03
2.1156000000e-02	5.0976510120e-03
2.3380000000e-02	2.9610370948e-03
2.5839000000e-02	2.2186914372e-03
2.8557000000e-02	1.5070410365e-03
3.1560000000e-02	8.8411962357e-04
3.4880000000e-02	6.2652909156e-04
3.8548000000e-02	3.6468988807e-04
4.2602000000e-02	2.4236748718e-04
4.7083000000e-02	1.5218034536e-04
5.2034000000e-02	9.4626711212e-05
5.7507000000e-02	5.9328611813e-05
6.3555000000e-02	3.9681812777e-05
7.0239000000e-02	2.6023148556e-05
7.7626000000e-02	1.5348320871e-05
8.5790000000e-02	8.3853621255e-06
9.4813000000e-02	4.2549916142e-06
1.0478000000e-01	2.8163137518e-06
1.1580000000e-01	1.5772439651e-06
1.2798000000e-01	1.0420404135e-06
1.4144000000e-01	5.9551650693e-07
1.5632000000e-01	3.2403357179e-07
1.7276000000e-01	1.6158143210e-07
1.9093000000e-01	1.1663815939e-07
2.1101000000e-01	5.6062723250e-08
2.3320000000e-01	3.2764646268e-08
2.5773000000e-01	1.8151887007e-08
2.8483000000e-01	1.1943926475e-08
3.1479000000e-01	5.9374971212e-09
3.4790000000e-01	3.5387219696e-09
3.8448000000e-01	1.8239720062e-09
4.2492000000e-01	1.0411380401e-09
4.6961000000e-01	4.8100505121e-10
5.1900000000e-01	3.0385323986e-10
5.7358000000e-01	1.5469464880e-10
6.3391000000e-01	9.8291348904e-11
7.0058000000e-01	3.9264747815e-11
7.7426000000e-01	2.3912257631e-11
8.5568000000e-01	1.1951306213e-11
9.4568000000e-01	7.4460880103e-12
1.0451000000e+00	4.0582676181e-12
1.1551000000e+00	1.5601190605e-12
1.2765000000e+00	7.1448423208e-13
1.4108000000e+00	5.6955171340e-13
1.5592000000e+00	3.3062274907e-13
1.7231000000e+00	1.9630170343e-13
1.9044000000e+00	7.7083333145e-14
2.1046000000e+00	4.4466970222e-14
2.3260000000e+00	3.4766308637e-14
2.5706000000e+00	1.2471935995e-14
2.8410000000e+00	6.9444007759e-15
3.1398000000e+00	2.3217950465e-15
3.4700000000e+00	1.5409559192e-15
3.8349000000e+00	1.1563106879e-15
4.2382000000e+00	4.0621664286e-16
4.6840000000e+00	2.4229157913e-16
5.1766000000e+00	1.2274473059e-16
5.7210000000e+00	8.7472953280e-17
6.3227000000e+00	1.8951216282e-17
6.9877000000e+00	5.9876935792e-18
7.7226000000e+00	1.0299814658e-17
8.5348000000e+00	4.5412215095e-18
9.4324000000e+00	2.0724275904e-18
1.0424000000e+01	1.0155456766e-18
1.1521000000e+01	5.2015633921e-19
1.2732000000e+01	7.6280612892e-19
1.4071000000e+01	3.1001242156e-20
1.5551000000e+01	4.1190179961e-20
1.7187000000e+01	2.9796052165e-20
1.8994000000e+01	1.6740552928e-20
2.0992000000e+01	8.3451634725e-22
2.3200000000e+01	1.9359922620e-20
2.5640000000e+01	1.0736320670e-21
2.8336000000e+01	5.5159783612e-21
3.1317000000e+01	5.4078504701e-22
3.4610000000e+01	7.1275965469e-22
3.8250000000e+01	1.0883343137e-22
4.2273000000e+01	7.7262167200e-22
4.6719000000e+01	1.0815383573e-22
5.1632000000e+01	5.4334164902e-23
