5.8104000000e-06	6.7632065112e-03
6.4215000000e-06	7.4465527977e-03
7.0968000000e-06	8.1987001428e-03
7.8432000000e-06	9.0271760190e-03
8.6681000000e-06	9.9390343740e-03
9.5797000000e-06	1.0943026772e-02
1.0587000000e-05	1.2048626908e-02
1.1701000000e-05	1.3265815657e-02
1.2931000000e-05	1.4605777581e-02
1.4291000000e-05	1.6081371127e-02
1.5794000000e-05	1.7706002148e-02
1.7455000000e-05	1.9494554808e-02
1.9291000000e-05	2.1462986163e-02
2.1320000000e-05	2.3631482071e-02
2.3562000000e-05	2.6018640527e-02
2.6040000000e-05	2.8648939239e-02
2.8779000000e-05	3.1541818113e-02
3.1806000000e-05	3.4728836814e-02
3.5151000000e-05	3.8236781568e-02
3.8848000000e-05	4.2099633586e-02
4.2933000000e-05	4.6351459413e-02
4.7449000000e-05	5.1033375713e-02
5.2439000000e-05	5.6189546787e-02
5.7954000000e-05	6.1866028741e-02
6.4049000000e-05	6.8113529068e-02
7.0785000000e-05	7.4993984571e-02
7.8230000000e-05	8.2568383543e-02
8.6457000000e-05	9.0910552877e-02
9.5550000000e-05	1.0009050816e-01
1.0560000000e-04	1.1020012863e-01
1.1671000000e-04	1.2131941884e-01
1.2898000000e-04	1.3357276728e-01
1.4254000000e-04	1.4705750880e-01
1.5754000000e-04	1.6189912283e-01
1.7410000000e-04	1.7823633489e-01
1.9241000000e-04	1.9622455925e-01
2.1265000000e-04	2.1600541699e-01
2.3502000000e-04	2.3778968315e-01
2.5973000000e-04	2.6173971183e-01
2.8705000000e-04	2.8811443364e-01
3.1724000000e-04	3.1713217866e-01
3.5060000000e-04	3.4903636477e-01
3.8747000000e-04	3.8412207955e-01
4.2823000000e-04	4.2268573885e-01
4.7326000000e-04	4.6505498926e-01
5.2304000000e-04	5.1165997105e-01
5.7804000000e-04	5.6277569804e-01
6.3884000000e-04	6.1890759217e-01
7.0603000000e-04	6.8051140991e-01
7.8028000000e-04	7.4800458391e-01
8.6234000000e-04	8.2198136300e-01
9.5303000000e-04	9.0296334552e-01
1.0533000000e-03	9.9154068453e-01
1.1640000000e-03	1.0882496074e+00
1.2865000000e-03	1.1938576919e+00
1.4218000000e-03	1.3088272550e+00
1.5713000000e-03	1.4339539700e+00
1.7365000000e-03	1.5697198382e+00
1.9192000000e-03	1.7168345128e+00
2.1210000000e-03	1.8757651722e+00
2.3441000000e-03	2.0469531634e+00
2.5906000000e-03	2.2307733713e+00
2.8631000000e-03	2.4274336576e+00
3.1642000000e-03	2.6366833378e+00
3.4970000000e-03	2.8587418870e+00
3.8647000000e-03	3.0925061453e+00
4.2712000000e-03	3.3371933194e+00
4.7204000000e-03	3.5913808659e+00
5.2169000000e-03	3.8537931431e+00
5.7655000000e-03	4.1222940091e+00
6.3719000000e-03	4.3947201156e+00
7.0420000000e-03	4.6689403472e+00
7.7826000000e-03	4.9406180590e+00
8.6011000000e-03	5.2042931570e+00
9.5057000000e-03	5.4540328227e+00
1.0505000000e-02	5.6821409324e+00
1.1610000000e-02	5.8813136172e+00
1.2831000000e-02	6.0436089813e+00
1.4181000000e-02	6.1618525611e+00
1.5672000000e-02	6.2292760352e+00
1.7321000000e-02	6.2363961057e+00
1.9142000000e-02	6.1749166410e+00
2.1155000000e-02	6.0406891762e+00
2.3380000000e-02	5.8324592455e+00
2.5839000000e-02	5.5532411028e+00
2.8557000000e-02	5.2124311051e+00
3.1560000000e-02	4.8260730800e+00
3.4879000000e-02	4.4165627634e+00
3.8548000000e-02	4.0113372546e+00
4.2602000000e-02	3.6366073499e+00
4.7082000000e-02	3.3137749525e+00
5.2034000000e-02	3.0522712777e+00
5.7506000000e-02	2.8429985789e+00
6.3554000000e-02	2.6562208221e+00
7.0238000000e-02	2.4479624346e+00
7.7625000000e-02	2.1819334539e+00
8.5789000000e-02	1.8617785949e+00
9.4812000000e-02	1.5437982321e+00
1.0478000000e-01	1.3003776501e+00
1.1580000000e-01	1.1558323263e+00
1.2798000000e-01	1.0537254716e+00
1.4144000000e-01	9.0911064284e-01
1.5632000000e-01	7.2937445868e-01
1.7276000000e-01	6.0406058346e-01
1.9093000000e-01	5.3678491369e-01
2.1101000000e-01	4.4767627512e-01
2.3320000000e-01	3.5885114996e-01
2.5773000000e-01	3.0864519834e-01
2.8483000000e-01	2.5103694949e-01
3.1479000000e-01	2.0712148421e-01
3.4789000000e-01	1.6998005897e-01
3.8448000000e-01	1.3895699748e-01
4.2492000000e-01	1.1278217670e-01
4.6961000000e-01	9.1816051310e-02
5.1900000000e-01	7.4197193687e-02
5.7358000000e-01	5.9817808349e-02
6.3390000000e-01	4.8114862198e-02
7.0057000000e-01	3.8597306633e-02
7.7425000000e-01	3.0879802489e-02
8.5568000000e-01	2.4646036695e-02
9.4567000000e-01	1.9623981768e-02
1.0451000000e+00	1.5588327231e-02
1.1550000000e+00	1.2358416886e-02
1.2765000000e+00	9.7777363998e-03
1.4108000000e+00	7.7207876127e-03
1.5591000000e+00	6.0853304141e-03
1.7231000000e+00	4.7875590678e-03
1.9043000000e+00	3.7603490223e-03
2.1046000000e+00	2.9489857337e-03
2.3260000000e+00	2.3087916681e-03
2.5706000000e+00	1.8050236235e-03
2.8410000000e+00	1.4091922312e-03
3.1397000000e+00	1.0986412754e-03
3.4700000000e+00	8.5545274883e-04
3.8349000000e+00	6.6516301418e-04
4.2382000000e+00	5.1663114902e-04
4.6839000000e+00	4.0082164745e-04
5.1766000000e+00	3.1061821977e-04
5.7210000000e+00	2.4044610342e-04
6.3227000000e+00	1.8594289297e-04
6.9876000000e+00	1.4365018746e-04
7.7225000000e+00	1.1086869517e-04
8.5347000000e+00	8.5493646504e-05
9.4323000000e+00	6.5863202608e-05
1.0424000000e+01	5.0700775305e-05
1.1521000000e+01	3.8994321177e-05
1.2732000000e+01	2.9968591119e-05
1.4071000000e+01	2.3014479703e-05
1.5551000000e+01	1.7659525679e-05
1.7187000000e+01	1.3540927333e-05
1.8994000000e+01	1.0375822621e-05
2.0992000000e+01	7.9450435322e-06
2.3200000000e+01	6.0794309307e-06
2.5640000000e+01	4.6492251062e-06
2.8336000000e+01	3.5529394427e-06
3.1316000000e+01	2.7133365295e-06
3.4610000000e+01	2.0711188109e-06
3.8250000000e+01	1.5798574827e-06
4.2273000000e+01	1.2044028120e-06
4.6718000000e+01	9.1757200617e-07
5.1632000000e+01	6.9865686482e-07
