5.8104000000e-06	1.0097673062e+00
6.4215000000e-06	1.0097673057e+00
7.0968000000e-06	1.0097672335e+00
7.8432000000e-06	1.0097672330e+00
8.6681000000e-06	1.0097672323e+00
9.5797000000e-06	1.0097672311e+00
1.0587000000e-05	1.0097673069e+00
1.1701000000e-05	1.0097672549e+00
1.2931000000e-05	1.0097671526e+00
1.4291000000e-05	1.0097672218e+00
1.5794000000e-05	1.0097670967e+00
1.7455000000e-05	1.0097907946e+00
1.9291000000e-05	1.0097978757e+00
2.1320000000e-05	1.0097760046e+00
2.3562000000e-05	1.0097693062e+00
2.6040000000e-05	1.0097693188e+00
2.8779000000e-05	1.0097691529e+00
3.1806000000e-05	1.0097689156e+00
3.5151000000e-05	1.0097685785e+00
3.8848000000e-05	1.0097683009e+00
4.2933000000e-05	1.0097680499e+00
4.7449000000e-05	1.0097702193e+00
5.2439000000e-05	1.0097696931e+00
5.7954000000e-05	1.0097690811e+00
6.4049000000e-05	1.0097709371e+00
7.0785000000e-05	1.0097481795e+00
7.8230000000e-05	1.0097727791e+00
8.6457000000e-05	1.0097653258e+00
9.5550000000e-05	1.0097662386e+00
1.0560000000e-04	1.0097462965e+00
1.1671000000e-04	1.0097774513e+00
1.2898000000e-04	1.0097722853e+00
1.4254000000e-04	1.0097531925e+00
1.5754000000e-04	1.0097767689e+00
1.7410000000e-04	1.0097584914e+00
1.9241000000e-04	1.0097561790e+00
2.1265000000e-04	1.0097455147e+00
2.3502000000e-04	1.0097462542e+00
2.5973000000e-04	1.0097537099e+00
2.8705000000e-04	1.0097343104e+00
3.1724000000e-04	1.0097244019e+00
3.5060000000e-04	1.0097108476e+00
3.8747000000e-04	1.0097146209e+00
4.2823000000e-04	1.0096837231e+00
4.7326000000e-04	1.0096604191e+00
5.2304000000e-04	1.0096493007e+00
5.7804000000e-04	1.0096076491e+00
6.3884000000e-04	1.0095751947e+00
7.0603000000e-04	1.0095171733e+00
7.8028000000e-04	1.0094958876e+00
8.6234000000e-04	1.0094393695e+00
9.5303000000e-04	1.0093495244e+00
1.0533000000e-03	1.0092699726e+00
1.1640000000e-03	1.0091760812e+00
1.2865000000e-03	1.0090225987e+00
1.4218000000e-03	1.0088626208e+00
1.5713000000e-03	1.0086599359e+00
1.7365000000e-03	1.0084362060e+00
1.9192000000e-03	1.0081735184e+00
2.1210000000e-03	1.0078173929e+00
2.3441000000e-03	1.0074523897e+00
2.5906000000e-03	1.0070256847e+00
2.8631000000e-03	1.0064966447e+00
3.1642000000e-03	1.0059184416e+00
3.4970000000e-03	1.0052755922e+00
3.8647000000e-03	1.0045443925e+00
4.2712000000e-03	1.0038126195e+00
4.7204000000e-03	1.0030779664e+00
5.2169000000e-03	1.0023554729e+00
5.7655000000e-03	1.0018129329e+00
6.3719000000e-03	1.0014575012e+00
7.0420000000e-03	1.0014474441e+00
7.7826000000e-03	1.0018676171e+00
8.6011000000e-03	1.0029700338e+00
9.5057000000e-03	1.0047701700e+00
1.0505000000e-02	1.0074581002e+00
1.1610000000e-02	1.0111940153e+00
1.2831000000e-02	1.0161192019e+00
1.4181000000e-02	1.0224175738e+00
1.5672000000e-02	1.0303905752e+00
1.7321000000e-02	1.0403901334e+00
1.9142000000e-02	1.0528817038e+00
2.1155000000e-02	1.0683215955e+00
2.3380000000e-02	1.0872012904e+00
2.5839000000e-02	1.1096665304e+00
2.8557000000e-02	1.1358347493e+00
3.1560000000e-02	1.1646996197e+00
3.4879000000e-02	1.1938476540e+00
3.8548000000e-02	1.2186331524e+00
4.2602000000e-02	1.2322348676e+00
4.7082000000e-02	1.2278922118e+00
5.2034000000e-02	1.2035347254e+00
5.7506000000e-02	1.1656433313e+00
6.3554000000e-02	1.1278395119e+00
7.0238000000e-02	1.1050531653e+00
7.7625000000e-02	1.1089505652e+00
8.5789000000e-02	1.1442711910e+00
9.4812000000e-02	1.1978362348e+00
1.0478000000e-01	1.2232529417e+00
1.1580000000e-01	1.1834080087e+00
1.2798000000e-01	1.1272227131e+00
1.4144000000e-01	1.1253899333e+00
1.5632000000e-01	1.1814623858e+00
1.7276000000e-01	1.1954153377e+00
1.9093000000e-01	1.1410676771e+00
2.1101000000e-01	1.1491397875e+00
2.3320000000e-01	1.1833796126e+00
2.5773000000e-01	1.1483633924e+00
2.8483000000e-01	1.1650282843e+00
3.1479000000e-01	1.1604534249e+00
3.4789000000e-01	1.1610778459e+00
3.8448000000e-01	1.1593532086e+00
4.2492000000e-01	1.1626257112e+00
4.6961000000e-01	1.1595187351e+00
5.1900000000e-01	1.1603259409e+00
5.7358000000e-01	1.1607322950e+00
6.3390000000e-01	1.1606256823e+00
7.0057000000e-01	1.1604941847e+00
7.7425000000e-01	1.1604368409e+00
8.5568000000e-01	1.1604179879e+00
9.4567000000e-01	1.1603756106e+00
1.0451000000e+00	1.1603880665e+00
1.1550000000e+00	1.1603575373e+00
1.2765000000e+00	1.1603383099e+00
1.4108000000e+00	1.1603268638e+00
1.5591000000e+00	1.1603121819e+00
1.7231000000e+00	1.1602952539e+00
1.9043000000e+00	1.1602849362e+00
2.1046000000e+00	1.1602703465e+00
2.3260000000e+00	1.1602695610e+00
2.5706000000e+00	1.1602679819e+00
2.8410000000e+00	1.1602443981e+00
3.1397000000e+00	1.1602383739e+00
3.4700000000e+00	1.1601991120e+00
3.8349000000e+00	1.1602346730e+00
4.2382000000e+00	1.1602371093e+00
4.6839000000e+00	1.1602199990e+00
5.1766000000e+00	1.1602185979e+00
5.7210000000e+00	1.1602181826e+00
6.3227000000e+00	1.1602188228e+00
6.9876000000e+00	1.1602183789e+00
7.7225000000e+00	1.1602190261e+00
8.5347000000e+00	1.1602138488e+00
9.4323000000e+00	1.1602289070e+00
1.0424000000e+01	1.1602141622e+00
1.1521000000e+01	1.1602452660e+00
1.2732000000e+01	1.1602541531e+00
1.4071000000e+01	1.1602601142e+00
1.5551000000e+01	1.1602850626e+00
1.7187000000e+01	1.1603158670e+00
1.8994000000e+01	1.1603436533e+00
2.0992000000e+01	1.1603847709e+00
2.3200000000e+01	1.1604417091e+00
2.5640000000e+01	1.1605031990e+00
2.8336000000e+01	1.1605910910e+00
3.1316000000e+01	1.1606789507e+00
3.4610000000e+01	1.1608094859e+00
3.8250000000e+01	1.1609454682e+00
4.2273000000e+01	1.1611059675e+00
4.6718000000e+01	1.1613477262e+00
5.1632000000e+01	1.1616206634e+00
