5.8104000000e-06	9.7701648357e-01
6.4215000000e-06	9.7701660386e-01
7.0968000000e-06	9.7702655907e-01
7.8432000000e-06	9.7702671329e-01
8.6681000000e-06	9.7702690507e-01
9.5797000000e-06	9.7702718217e-01
1.0587000000e-05	9.7701694335e-01
1.1701000000e-05	9.7701810438e-01
1.2931000000e-05	9.7702833015e-01
1.4291000000e-05	9.7701836171e-01
1.5794000000e-05	9.7702965029e-01
1.7455000000e-05	9.7702178637e-01
1.9291000000e-05	9.7704334638e-01
2.1320000000e-05	9.7704295066e-01
2.3562000000e-05	9.7703530220e-01
2.6040000000e-05	9.7702669447e-01
2.8779000000e-05	9.7703959401e-01
3.1806000000e-05	9.7704245359e-01
3.5151000000e-05	9.7705569804e-01
3.8848000000e-05	9.7705902228e-01
4.2933000000e-05	9.7706498305e-01
4.7449000000e-05	9.7707148830e-01
5.2439000000e-05	9.7707925639e-01
5.7954000000e-05	9.7709834019e-01
6.4049000000e-05	9.7711083696e-01
7.0785000000e-05	9.7713214517e-01
7.8230000000e-05	9.7716245671e-01
8.6457000000e-05	9.7718424558e-01
9.5550000000e-05	9.7721976450e-01
1.0560000000e-04	9.7726901618e-01
1.1671000000e-04	9.7734043941e-01
1.2898000000e-04	9.7739774633e-01
1.4254000000e-04	9.7748419683e-01
1.5754000000e-04	9.7759618253e-01
1.7410000000e-04	9.7771081440e-01
1.9241000000e-04	9.7786749601e-01
2.1265000000e-04	9.7806324426e-01
2.3502000000e-04	9.7829185169e-01
2.5973000000e-04	9.7857527530e-01
2.8705000000e-04	9.7889922758e-01
3.1724000000e-04	9.7932620167e-01
3.5060000000e-04	9.7983829887e-01
3.8747000000e-04	9.8046155385e-01
4.2823000000e-04	9.8122778181e-01
4.7326000000e-04	9.8216449714e-01
5.2304000000e-04	9.8330027979e-01
5.7804000000e-04	9.8471378356e-01
6.3884000000e-04	9.8644158141e-01
7.0603000000e-04	9.8854595249e-01
7.8028000000e-04	9.9113482922e-01
8.6234000000e-04	9.9430921832e-01
9.5303000000e-04	9.9822433604e-01
1.0533000000e-03	1.0030278679e+00
1.1640000000e-03	1.0089736423e+00
1.2865000000e-03	1.0162747978e+00
1.4218000000e-03	1.0253138375e+00
1.5713000000e-03	1.0364713285e+00
1.7365000000e-03	1.0502817832e+00
1.9192000000e-03	1.0673578764e+00
2.1210000000e-03	1.0884139113e+00
2.3441000000e-03	1.1142974399e+00
2.5906000000e-03	1.1457801575e+00
2.8631000000e-03	1.1835001584e+00
3.1642000000e-03	1.2274556006e+00
3.4970000000e-03	1.2766045775e+00
3.8647000000e-03	1.3280650360e+00
4.2712000000e-03	1.3769378615e+00
4.7204000000e-03	1.4168313211e+00
5.2169000000e-03	1.4423470421e+00
5.7655000000e-03	1.4522638496e+00
6.3719000000e-03	1.4516285773e+00
7.0420000000e-03	1.4504909338e+00
7.7826000000e-03	1.4587172027e+00
8.6011000000e-03	1.4777509477e+00
9.5057000000e-03	1.4965815246e+00
1.0505000000e-02	1.5063570775e+00
1.1610000000e-02	1.5259634210e+00
1.2831000000e-02	1.5877902396e+00
1.4181000000e-02	1.6719623894e+00
1.5672000000e-02	1.7253484663e+00
1.7321000000e-02	1.7489797461e+00
1.9142000000e-02	1.7106306149e+00
2.1155000000e-02	1.6827237840e+00
2.3380000000e-02	1.7745628103e+00
2.5839000000e-02	1.8930414906e+00
2.8557000000e-02	1.8219200468e+00
3.1560000000e-02	1.7590662985e+00
3.4879000000e-02	1.9641021667e+00
3.8548000000e-02	1.8697536048e+00
4.2602000000e-02	1.8520718950e+00
4.7082000000e-02	2.0035182065e+00
5.2034000000e-02	1.8319363926e+00
5.7506000000e-02	1.9644386786e+00
6.3554000000e-02	2.0653494277e+00
7.0238000000e-02	1.7252358807e+00
7.7625000000e-02	1.8803765616e+00
8.5789000000e-02	2.1264528558e+00
9.4812000000e-02	2.2180633670e+00
1.0478000000e-01	2.2627505132e+00
1.1580000000e-01	2.0072545142e+00
1.2798000000e-01	1.5662113528e+00
1.4144000000e-01	2.3085553941e+00
1.5632000000e-01	1.5521967748e+00
1.7276000000e-01	2.3669146201e+00
1.9093000000e-01	2.6363689029e+00
2.1101000000e-01	2.5845842837e+00
2.3320000000e-01	1.5466635791e+00
2.5773000000e-01	2.6148700155e+00
2.8483000000e-01	1.5787690757e+00
3.1479000000e-01	2.1850660037e+00
3.4789000000e-01	2.3730410527e+00
3.8448000000e-01	3.2840505116e+00
4.2492000000e-01	2.7942188713e+00
4.6961000000e-01	2.2257468603e+00
5.1900000000e-01	3.2774591356e+00
5.7358000000e-01	9.9578898675e-02
6.3390000000e-01	2.0012576718e+00
7.0057000000e-01	5.9136314428e-01
7.7425000000e-01	2.0331984697e+00
8.5568000000e-01	5.4765331960e-01
9.4567000000e-01	5.2572871117e+00
1.0451000000e+00	2.4157709186e+00
1.1550000000e+00	-6.5705939984e-01
1.2765000000e+00	4.0211047555e+00
1.4108000000e+00	6.7112101307e+00
1.5591000000e+00	-1.0704069016e+00
1.7231000000e+00	5.8403513672e-01
1.9043000000e+00	8.1659322589e+00
2.1046000000e+00	-4.6655551158e-01
2.3260000000e+00	-6.9440420206e+00
2.5706000000e+00	7.5217598901e+00
2.8410000000e+00	4.3230904468e+00
3.1397000000e+00	-2.6248650547e+00
3.4700000000e+00	3.8945100207e+00
3.8349000000e+00	-9.7583049900e+00
4.2382000000e+00	9.1663814563e+00
4.6839000000e+00	6.0355905405e+00
5.1766000000e+00	2.3633377428e+01
5.7210000000e+00	-1.2991926279e+01
6.3227000000e+00	-5.3424277537e+00
6.9876000000e+00	6.7297570994e+00
7.7225000000e+00	1.4553771047e+01
8.5347000000e+00	2.3721929730e+01
9.4323000000e+00	2.3691703205e+01
1.0424000000e+01	-2.8317483625e+00
1.1521000000e+01	-3.0016462874e+01
1.2732000000e+01	-3.3468568733e+00
1.4071000000e+01	-8.9854661252e+00
1.5551000000e+01	-1.7648511351e+01
1.7187000000e+01	3.7084840671e+01
1.8994000000e+01	3.5619189265e+00
2.0992000000e+01	8.7342288524e+01
2.3200000000e+01	-1.2184018526e+01
2.5640000000e+01	-6.9224550493e+01
2.8336000000e+01	-3.5880714116e+01
3.1316000000e+01	4.4954219512e+01
3.4610000000e+01	4.4572480359e+01
3.8250000000e+01	-1.4956135015e+01
4.2273000000e+01	2.8220718004e+02
4.6718000000e+01	-5.4877203681e-01
5.1632000000e+01	2.4274966596e+02
