5.8104000000e-06	2.7819099905e+01
6.4215000000e-06	3.0628908073e+01
7.0969000000e-06	3.3723696822e+01
7.8433000000e-06	3.7130464306e+01
8.6682000000e-06	4.0881236366e+01
9.5798000000e-06	4.5010928905e+01
1.0587000000e-05	4.9558613863e+01
1.1701000000e-05	5.4565231791e+01
1.2931000000e-05	6.0076851897e+01
1.4291000000e-05	6.6146486523e+01
1.5794000000e-05	7.2828031836e+01
1.7456000000e-05	8.0185531501e+01
1.9291000000e-05	8.8285985723e+01
2.1320000000e-05	9.7205380967e+01
2.3563000000e-05	1.0702271654e+02
2.6041000000e-05	1.1783198665e+02
2.8779000000e-05	1.2974118371e+02
3.1806000000e-05	1.4285030854e+02
3.5151000000e-05	1.5727933576e+02
3.8848000000e-05	1.7316827479e+02
4.2934000000e-05	1.9065697216e+02
4.7449000000e-05	2.0991585581e+02
5.2439000000e-05	2.3112447933e+02
5.7954000000e-05	2.5446314275e+02
6.4050000000e-05	2.8017134273e+02
7.0786000000e-05	3.0846976854e+02
7.8230000000e-05	3.3961766927e+02
8.6458000000e-05	3.7391531897e+02
9.5551000000e-05	4.1168309588e+02
1.0560000000e-04	4.5325107556e+02
1.1671000000e-04	4.9900868262e+02
1.2898000000e-04	5.4938571873e+02
1.4254000000e-04	6.0484364554e+02
1.5754000000e-04	6.6589117426e+02
1.7410000000e-04	7.3306888517e+02
1.9242000000e-04	8.0701687632e+02
2.1265000000e-04	8.8839550407e+02
2.3502000000e-04	9.7794560843e+02
2.5973000000e-04	1.0764564811e+03
2.8705000000e-04	1.1848582792e+03
3.1724000000e-04	1.3040646134e+03
3.5060000000e-04	1.4351738117e+03
3.8748000000e-04	1.5793869920e+03
4.2823000000e-04	1.7378086310e+03
4.7327000000e-04	1.9118415873e+03
5.2304000000e-04	2.1029852975e+03
5.7805000000e-04	2.3128484760e+03
6.3884000000e-04	2.5430383418e+03
7.0603000000e-04	2.7954570030e+03
7.8028000000e-04	3.0720217386e+03
8.6235000000e-04	3.3747443894e+03
9.5304000000e-04	3.7056465092e+03
1.0533000000e-03	4.0672462750e+03
1.1640000000e-03	4.4614759709e+03
1.2865000000e-03	4.8908743066e+03
1.4218000000e-03	5.3575868740e+03
1.5713000000e-03	5.8639733134e+03
1.7366000000e-03	6.4118917240e+03
1.9192000000e-03	7.0036240917e+03
2.1210000000e-03	7.6403486340e+03
2.3441000000e-03	8.3233416636e+03
2.5906000000e-03	9.0534871162e+03
2.8631000000e-03	9.8309706623e+03
3.1642000000e-03	1.0654832844e+04
3.4970000000e-03	1.1524816143e+04
3.8648000000e-03	1.2436679831e+04
4.2712000000e-03	1.3388511521e+04
4.7204000000e-03	1.4374481602e+04
5.2169000000e-03	1.5387897954e+04
5.7656000000e-03	1.6421106220e+04
6.3719000000e-03	1.7464456518e+04
7.0421000000e-03	1.8504051691e+04
7.7827000000e-03	1.9524752431e+04
8.6012000000e-03	2.0508250701e+04
9.5058000000e-03	2.1433361124e+04
1.0506000000e-02	2.2276965133e+04
1.1610000000e-02	2.3012400168e+04
1.2831000000e-02	2.3607870086e+04
1.4181000000e-02	2.4035072464e+04
1.5672000000e-02	2.4260566416e+04
1.7321000000e-02	2.4254101809e+04
1.9142000000e-02	2.3988338660e+04
2.1156000000e-02	2.3443871334e+04
2.3380000000e-02	2.2615409489e+04
2.5839000000e-02	2.1516052627e+04
2.8557000000e-02	2.0182112691e+04
3.1560000000e-02	1.8676184419e+04
3.4880000000e-02	1.7084074762e+04
3.8548000000e-02	1.5508220139e+04
4.2602000000e-02	1.4052750261e+04
4.7083000000e-02	1.2799580892e+04
5.2034000000e-02	1.1782162799e+04
5.7507000000e-02	1.0968020581e+04
6.3555000000e-02	1.0243122658e+04
7.0239000000e-02	9.4362373698e+03
7.7626000000e-02	8.4094389212e+03
8.5790000000e-02	7.1763248151e+03
9.4813000000e-02	5.9517674097e+03
1.0478000000e-01	5.0134462940e+03
1.1580000000e-01	4.4547701313e+03
1.2798000000e-01	4.0595916391e+03
1.4144000000e-01	3.5020006895e+03
1.5632000000e-01	2.8104218396e+03
1.7276000000e-01	2.3277438963e+03
1.9093000000e-01	2.0677041328e+03
2.1101000000e-01	1.7244401228e+03
2.3320000000e-01	1.3827491752e+03
2.5773000000e-01	1.1888343250e+03
2.8483000000e-01	9.6705065651e+02
3.1479000000e-01	7.9785711448e+02
3.4790000000e-01	6.5476195802e+02
3.8448000000e-01	5.3525090047e+02
4.2492000000e-01	4.3444294565e+02
4.6961000000e-01	3.5366359213e+02
5.1900000000e-01	2.8580224381e+02
5.7358000000e-01	2.3041500694e+02
6.3391000000e-01	1.8533112005e+02
7.0058000000e-01	1.4866739544e+02
7.7426000000e-01	1.1894877818e+02
8.5568000000e-01	9.4929846710e+01
9.4568000000e-01	7.5583319809e+01
1.0451000000e+00	6.0047667162e+01
1.1551000000e+00	4.7603667514e+01
1.2765000000e+00	3.7661329460e+01
1.4108000000e+00	2.9738174433e+01
1.5592000000e+00	2.3438766332e+01
1.7231000000e+00	1.8441430619e+01
1.9044000000e+00	1.4483927880e+01
2.1046000000e+00	1.1358284539e+01
2.3260000000e+00	8.8930050756e+00
2.5706000000e+00	6.9525676118e+00
2.8410000000e+00	5.4277480969e+00
3.1398000000e+00	4.2316775521e+00
3.4700000000e+00	3.2947969359e+00
3.8349000000e+00	2.5620976951e+00
4.2382000000e+00	1.9900340979e+00
4.6840000000e+00	1.5438780450e+00
5.1766000000e+00	1.1963775700e+00
5.7210000000e+00	9.2613229493e-01
6.3227000000e+00	7.1619788903e-01
6.9877000000e+00	5.5329663317e-01
7.7226000000e+00	4.2704083967e-01
8.5348000000e+00	3.2929609910e-01
9.4324000000e+00	2.5370041246e-01
1.0424000000e+01	1.9528498544e-01
1.1521000000e+01	1.5019813230e-01
1.2732000000e+01	1.1542742331e-01
1.4071000000e+01	8.8640649095e-02
1.5551000000e+01	6.8018056725e-02
1.7187000000e+01	5.2155120965e-02
1.8994000000e+01	3.9962881136e-02
2.0992000000e+01	3.0600220229e-02
2.3200000000e+01	2.3415593769e-02
2.5640000000e+01	1.7905969670e-02
2.8336000000e+01	1.3684110001e-02
3.1317000000e+01	1.0450862881e-02
3.4610000000e+01	7.9765385676e-03
3.8250000000e+01	6.0843277798e-03
4.2273000000e+01	4.6381786167e-03
4.6719000000e+01	3.5335795286e-03
5.1632000000e+01	2.6903234484e-03
