5.8104000000e-06	7.2242999255e-01
6.4215000000e-06	7.9539694805e-01
7.0969000000e-06	8.7576419487e-01
7.8433000000e-06	9.6423292986e-01
8.6682000000e-06	1.0616376559e+00
9.5798000000e-06	1.1688498223e+00
1.0587000000e-05	1.2870013808e+00
1.1701000000e-05	1.4170118565e+00
1.2931000000e-05	1.5601392980e+00
1.4291000000e-05	1.7177182427e+00
1.5794000000e-05	1.8912194040e+00
1.7456000000e-05	2.0822710363e+00
1.9291000000e-05	2.2925598366e+00
2.1320000000e-05	2.5241548934e+00
2.3563000000e-05	2.7790585735e+00
2.6041000000e-05	3.0597043936e+00
2.8779000000e-05	3.3689064584e+00
3.1806000000e-05	3.7092430641e+00
3.5151000000e-05	4.0838239507e+00
3.8848000000e-05	4.4962832437e+00
4.2934000000e-05	4.9502082856e+00
4.7449000000e-05	5.4499228317e+00
5.2439000000e-05	6.0002840779e+00
5.7954000000e-05	6.6057072670e+00
6.4050000000e-05	7.2723793939e+00
7.0786000000e-05	8.0063052349e+00
7.8230000000e-05	8.8136276000e+00
8.6458000000e-05	9.7025105095e+00
9.5551000000e-05	1.0680696938e+01
1.0560000000e-04	1.1756473538e+01
1.1671000000e-04	1.2939850702e+01
1.2898000000e-04	1.4241979573e+01
1.4254000000e-04	1.5673059287e+01
1.5754000000e-04	1.7246798773e+01
1.7410000000e-04	1.8975578784e+01
1.9242000000e-04	2.0875241961e+01
2.1265000000e-04	2.2960238422e+01
2.3502000000e-04	2.5247386299e+01
2.5973000000e-04	2.7754377556e+01
2.8705000000e-04	3.0501343331e+01
3.1724000000e-04	3.3504519655e+01
3.5060000000e-04	3.6786070721e+01
3.8748000000e-04	4.0367367266e+01
4.2823000000e-04	4.4260525942e+01
4.7327000000e-04	4.8483949881e+01
5.2304000000e-04	5.3053892452e+01
5.7805000000e-04	5.7979980829e+01
6.3884000000e-04	6.3256795876e+01
7.0603000000e-04	6.8886525427e+01
7.8028000000e-04	7.4841228854e+01
8.6235000000e-04	8.1083903911e+01
9.5304000000e-04	8.7548026530e+01
1.0533000000e-03	9.4154571594e+01
1.1640000000e-03	1.0077847965e+02
1.2865000000e-03	1.0725924087e+02
1.4218000000e-03	1.1340336630e+02
1.5713000000e-03	1.1898118114e+02
1.7366000000e-03	1.2372820388e+02
1.9192000000e-03	1.2739765329e+02
2.1210000000e-03	1.2972489914e+02
2.3441000000e-03	1.3053854026e+02
2.5906000000e-03	1.2979116287e+02
2.8631000000e-03	1.2757706120e+02
3.1642000000e-03	1.2420059341e+02
3.4970000000e-03	1.2014233478e+02
3.8648000000e-03	1.1596302575e+02
4.2712000000e-03	1.1220324792e+02
4.7204000000e-03	1.0910418851e+02
5.2169000000e-03	1.0643062620e+02
5.7656000000e-03	1.0337116834e+02
6.3719000000e-03	9.8765836123e+01
7.0421000000e-03	9.1773346800e+01
7.7827000000e-03	8.2651360286e+01
8.6012000000e-03	7.2663999145e+01
9.5058000000e-03	6.2887045731e+01
1.0506000000e-02	5.3222993114e+01
1.1610000000e-02	4.3394720192e+01
1.2831000000e-02	3.4452573098e+01
1.4181000000e-02	2.7550539133e+01
1.5672000000e-02	2.2060137333e+01
1.7321000000e-02	1.7329013481e+01
1.9142000000e-02	1.3144827587e+01
2.1156000000e-02	9.2881242513e+00
2.3380000000e-02	6.5364076080e+00
2.5839000000e-02	4.7004362842e+00
2.8557000000e-02	3.2507071106e+00
3.1560000000e-02	2.0708084257e+00
3.4880000000e-02	1.3873286199e+00
3.8548000000e-02	8.9613663642e-01
4.2602000000e-02	5.5293946392e-01
4.7083000000e-02	3.6591608827e-01
5.2034000000e-02	2.2504430602e-01
5.7507000000e-02	1.4724512902e-01
6.3555000000e-02	9.6522145544e-02
7.0239000000e-02	5.8406676356e-02
7.7626000000e-02	3.5289547724e-02
8.5790000000e-02	2.0759769049e-02
9.4813000000e-02	1.1738329219e-02
1.0478000000e-01	6.6157967577e-03
1.1580000000e-01	3.9586705853e-03
1.2798000000e-01	2.5481253717e-03
1.4144000000e-01	1.4248860330e-03
1.5632000000e-01	8.0468022151e-04
1.7276000000e-01	4.3758369065e-04
1.9093000000e-01	2.5992983195e-04
2.1101000000e-01	1.4949575010e-04
2.3320000000e-01	7.7760210598e-05
2.5773000000e-01	4.6703005199e-05
2.8483000000e-01	2.5538206583e-05
3.1479000000e-01	1.3899922867e-05
3.4790000000e-01	7.6190036182e-06
3.8448000000e-01	4.1578457194e-06
4.2492000000e-01	2.3004679778e-06
4.6961000000e-01	1.2670283295e-06
5.1900000000e-01	6.5574977075e-07
5.7358000000e-01	3.5878304476e-07
6.3391000000e-01	1.9875402867e-07
7.0058000000e-01	1.0715498452e-07
7.7426000000e-01	5.7606818902e-08
8.5568000000e-01	3.0855717279e-08
9.4568000000e-01	1.5956632303e-08
1.0451000000e+00	8.3031835806e-09
1.1551000000e+00	4.4442050566e-09
1.2765000000e+00	2.3811943175e-09
1.4108000000e+00	1.2818659341e-09
1.5592000000e+00	6.6279247442e-10
1.7231000000e+00	3.6307076231e-10
1.9044000000e+00	1.9007286964e-10
2.1046000000e+00	9.6005428696e-11
2.3260000000e+00	5.0323739871e-11
2.5706000000e+00	2.7359394267e-11
2.8410000000e+00	1.3773508969e-11
3.1398000000e+00	7.5738642571e-12
3.4700000000e+00	3.9419403688e-12
3.8349000000e+00	1.9465974549e-12
4.2382000000e+00	1.0387137916e-12
4.6840000000e+00	5.4418864985e-13
5.1766000000e+00	2.8421152975e-13
5.7210000000e+00	1.4367329731e-13
6.3227000000e+00	7.5954843567e-14
6.9877000000e+00	3.9914620331e-14
7.7226000000e+00	2.0470304471e-14
8.5348000000e+00	1.0857699376e-14
9.4324000000e+00	5.3179004414e-15
1.0424000000e+01	2.8513688731e-15
1.1521000000e+01	1.4376898462e-15
1.2732000000e+01	7.6723190078e-16
1.4071000000e+01	3.8456664955e-16
1.5551000000e+01	2.0101972207e-16
1.7187000000e+01	1.0102818306e-16
1.8994000000e+01	5.3398628749e-17
2.0992000000e+01	2.6762976193e-17
2.3200000000e+01	1.3903306757e-17
2.5640000000e+01	7.0691323700e-18
2.8336000000e+01	3.4268090756e-18
3.1317000000e+01	1.8220285426e-18
3.4610000000e+01	9.8510155927e-19
3.8250000000e+01	4.7801244661e-19
4.2273000000e+01	2.3741101435e-19
4.6719000000e+01	1.2797053625e-19
5.1632000000e+01	6.5429782024e-20
