5.8104000000e-06	5.2946973252e-01
6.4215000000e-06	5.2946973194e-01
7.0969000000e-06	5.2946973117e-01
7.8433000000e-06	5.2946973030e-01
8.6682000000e-06	5.2946955870e-01
9.5798000000e-06	5.2946971539e-01
1.0587000000e-05	5.2946973866e-01
1.1701000000e-05	5.2946992146e-01
1.2931000000e-05	5.2946991882e-01
1.4291000000e-05	5.2946971802e-01
1.5794000000e-05	5.2946971442e-01
1.7456000000e-05	5.2946971022e-01
1.9291000000e-05	5.2946969232e-01
2.1320000000e-05	5.2946968606e-01
2.3563000000e-05	5.2946967788e-01
2.6041000000e-05	5.2946966731e-01
2.8779000000e-05	5.2946965587e-01
3.1806000000e-05	5.2946963073e-01
3.5151000000e-05	5.2946962413e-01
3.8848000000e-05	5.2946960410e-01
4.2934000000e-05	5.2946976223e-01
4.7449000000e-05	5.2946953159e-01
5.2439000000e-05	5.2946948107e-01
5.7954000000e-05	5.2946926341e-01
6.4050000000e-05	5.2946935914e-01
7.0786000000e-05	5.2946912031e-01
7.8230000000e-05	5.2946917566e-01
8.6458000000e-05	5.2946925548e-01
9.5551000000e-05	5.2946911350e-01
1.0560000000e-04	5.2946875694e-01
1.1671000000e-04	5.2946852624e-01
1.2898000000e-04	5.2946847460e-01
1.4254000000e-04	5.2946795040e-01
1.5754000000e-04	5.2946756014e-01
1.7410000000e-04	5.2946707751e-01
1.9242000000e-04	5.2946650243e-01
2.1265000000e-04	5.2946577282e-01
2.3502000000e-04	5.2946473217e-01
2.5973000000e-04	5.2946365148e-01
2.8705000000e-04	5.2946254215e-01
3.1724000000e-04	5.2946076288e-01
3.5060000000e-04	5.2945883135e-01
3.8748000000e-04	5.2945668120e-01
4.2823000000e-04	5.2945381241e-01
4.7327000000e-04	5.2945014241e-01
5.2304000000e-04	5.2944607837e-01
5.7805000000e-04	5.2944094484e-01
6.3884000000e-04	5.2943450666e-01
7.0603000000e-04	5.2942715106e-01
7.8028000000e-04	5.2941800021e-01
8.6235000000e-04	5.2940698507e-01
9.5304000000e-04	5.2939353820e-01
1.0533000000e-03	5.2937765875e-01
1.1640000000e-03	5.2935872268e-01
1.2865000000e-03	5.2933619894e-01
1.4218000000e-03	5.2930961653e-01
1.5713000000e-03	5.2927831929e-01
1.7366000000e-03	5.2924217397e-01
1.9192000000e-03	5.2920052360e-01
2.1210000000e-03	5.2915328560e-01
2.3441000000e-03	5.2910073829e-01
2.5906000000e-03	5.2904310534e-01
2.8631000000e-03	5.2898072265e-01
3.1642000000e-03	5.2891506411e-01
3.4970000000e-03	5.2884742651e-01
3.8648000000e-03	5.2877845474e-01
4.2712000000e-03	5.2870848406e-01
4.7204000000e-03	5.2863637776e-01
5.2169000000e-03	5.2855910545e-01
5.7656000000e-03	5.2847355829e-01
6.3719000000e-03	5.2837658073e-01
7.0421000000e-03	5.2826797083e-01
7.7827000000e-03	5.2814995924e-01
8.6012000000e-03	5.2802614090e-01
9.5058000000e-03	5.2789761777e-01
1.0506000000e-02	5.2776288107e-01
1.1610000000e-02	5.2762415948e-01
1.2831000000e-02	5.2748486868e-01
1.4181000000e-02	5.2734349446e-01
1.5672000000e-02	5.2719535882e-01
1.7321000000e-02	5.2704223236e-01
1.9142000000e-02	5.2688572856e-01
2.1156000000e-02	5.2673042813e-01
2.3380000000e-02	5.2657248935e-01
2.5839000000e-02	5.2641206813e-01
2.8557000000e-02	5.2625390309e-01
3.1560000000e-02	5.2610156215e-01
3.4880000000e-02	5.2595861238e-01
3.8548000000e-02	5.2583696777e-01
4.2602000000e-02	5.2574463830e-01
4.7083000000e-02	5.2569398036e-01
5.2034000000e-02	5.2568713145e-01
5.7507000000e-02	5.2571438376e-01
6.3555000000e-02	5.2574991548e-01
7.0239000000e-02	5.2575731473e-01
7.7626000000e-02	5.2570512092e-01
8.5790000000e-02	5.2558739774e-01
9.4813000000e-02	5.2544822150e-01
1.0478000000e-01	5.2538198609e-01
1.1580000000e-01	5.2544860272e-01
1.2798000000e-01	5.2555449686e-01
1.4144000000e-01	5.2553779734e-01
1.5632000000e-01	5.2540050944e-01
1.7276000000e-01	5.2536809003e-01
1.9093000000e-01	5.2547710845e-01
2.1101000000e-01	5.2544730156e-01
2.3320000000e-01	5.2537039732e-01
2.5773000000e-01	5.2544223283e-01
2.8483000000e-01	5.2539952234e-01
3.1479000000e-01	5.2540824482e-01
3.4790000000e-01	5.2540278067e-01
3.8448000000e-01	5.2540527917e-01
4.2492000000e-01	5.2539586579e-01
4.6961000000e-01	5.2540126933e-01
5.1900000000e-01	5.2539844303e-01
5.7358000000e-01	5.2539652914e-01
6.3391000000e-01	5.2539590998e-01
7.0058000000e-01	5.2539532130e-01
7.7426000000e-01	5.2539500965e-01
8.5568000000e-01	5.2539485779e-01
9.4568000000e-01	5.2539454251e-01
1.0451000000e+00	5.2539407273e-01
1.1551000000e+00	5.2539384528e-01
1.2765000000e+00	5.2539372005e-01
1.4108000000e+00	5.2539356805e-01
1.5592000000e+00	5.2539346838e-01
1.7231000000e+00	5.2539347365e-01
1.9044000000e+00	5.2539337690e-01
2.1046000000e+00	5.2539330281e-01
2.3260000000e+00	5.2539333291e-01
2.5706000000e+00	5.2539308020e-01
2.8410000000e+00	5.2539304728e-01
3.1398000000e+00	5.2539315369e-01
3.4700000000e+00	5.2539337325e-01
3.8349000000e+00	5.2539326236e-01
4.2382000000e+00	5.2539321479e-01
4.6840000000e+00	5.2539309589e-01
5.1766000000e+00	5.2539308428e-01
5.7210000000e+00	5.2539309644e-01
6.3227000000e+00	5.2539302174e-01
6.9877000000e+00	5.2539303818e-01
7.7226000000e+00	5.2539299467e-01
8.5348000000e+00	5.2539291233e-01
9.4324000000e+00	5.2539280337e-01
1.0424000000e+01	5.2539279972e-01
1.1521000000e+01	5.2539249012e-01
1.2732000000e+01	5.2539262001e-01
1.4071000000e+01	5.2539224933e-01
1.5551000000e+01	5.2539192491e-01
1.7187000000e+01	5.2539165764e-01
1.8994000000e+01	5.2539124566e-01
2.0992000000e+01	5.2539080652e-01
2.3200000000e+01	5.2539018524e-01
2.5640000000e+01	5.2538951503e-01
2.8336000000e+01	5.2538863658e-01
3.1317000000e+01	5.2538761385e-01
3.4610000000e+01	5.2538655610e-01
3.8250000000e+01	5.2538500864e-01
4.2273000000e+01	5.2538277128e-01
4.6719000000e+01	5.2538052491e-01
5.1632000000e+01	5.2537784180e-01
