5.8104000000e-06	1.0503981218e+00
6.4215000000e-06	1.0503981218e+00
7.0968000000e-06	1.0503981218e+00
7.8432000000e-06	1.0503981218e+00
8.6681000000e-06	1.0503981218e+00
9.5797000000e-06	1.0503981218e+00
1.0587000000e-05	1.0503981218e+00
1.1701000000e-05	1.0503979553e+00
1.2931000000e-05	1.0503978727e+00
1.4291000000e-05	1.0503978727e+00
1.5794000000e-05	1.0503977054e+00
1.7455000000e-05	1.0505062010e+00
1.9291000000e-05	1.0505062010e+00
2.1320000000e-05	1.0504059166e+00
2.3562000000e-05	1.0504056640e+00
2.6040000000e-05	1.0504054955e+00
2.8779000000e-05	1.0504052355e+00
3.1806000000e-05	1.0504043829e+00
3.5151000000e-05	1.0504036209e+00
3.8848000000e-05	1.0504026729e+00
4.2933000000e-05	1.0504020877e+00
4.7449000000e-05	1.0504098778e+00
5.2439000000e-05	1.0504080882e+00
5.7954000000e-05	1.0504065543e+00
6.4049000000e-05	1.0504134989e+00
7.0785000000e-05	1.0503106584e+00
7.8230000000e-05	1.0504164270e+00
8.6457000000e-05	1.0504212356e+00
9.5550000000e-05	1.0504254485e+00
1.0560000000e-04	1.0503283541e+00
1.1671000000e-04	1.0504398081e+00
1.2898000000e-04	1.0504487426e+00
1.4254000000e-04	1.0503556842e+00
1.5754000000e-04	1.0504698954e+00
1.7410000000e-04	1.0503804601e+00
1.9241000000e-04	1.0503972269e+00
2.1265000000e-04	1.0503183465e+00
2.3502000000e-04	1.0503428744e+00
2.5973000000e-04	1.0503787998e+00
2.8705000000e-04	1.0503167634e+00
3.1724000000e-04	1.0502623917e+00
3.5060000000e-04	1.0502230485e+00
3.8747000000e-04	1.0502963920e+00
4.2823000000e-04	1.0501794511e+00
4.7326000000e-04	1.0500860301e+00
5.2304000000e-04	1.0501197629e+00
5.7804000000e-04	1.0499763627e+00
6.3884000000e-04	1.0498655289e+00
7.0603000000e-04	1.0496970967e+00
7.8028000000e-04	1.0496875948e+00
8.6234000000e-04	1.0495422889e+00
9.5303000000e-04	1.0492636459e+00
1.0533000000e-03	1.0490866087e+00
1.1640000000e-03	1.0488244103e+00
1.2865000000e-03	1.0483937814e+00
1.4218000000e-03	1.0479329444e+00
1.5713000000e-03	1.0473739706e+00
1.7365000000e-03	1.0467655263e+00
1.9192000000e-03	1.0460480784e+00
2.1210000000e-03	1.0449826981e+00
2.3441000000e-03	1.0439588408e+00
2.5906000000e-03	1.0427452336e+00
2.8631000000e-03	1.0411335846e+00
3.1642000000e-03	1.0393500154e+00
3.4970000000e-03	1.0373188803e+00
3.8647000000e-03	1.0348814902e+00
4.2712000000e-03	1.0323084900e+00
4.7204000000e-03	1.0294708664e+00
5.2169000000e-03	1.0263427386e+00
5.7655000000e-03	1.0233567389e+00
6.3719000000e-03	1.0203884701e+00
7.0420000000e-03	1.0178627873e+00
7.7826000000e-03	1.0158695889e+00
8.6011000000e-03	1.0152139837e+00
9.5057000000e-03	1.0157572352e+00
1.0505000000e-02	1.0179800216e+00
1.1610000000e-02	1.0222131911e+00
1.2831000000e-02	1.0284396959e+00
1.4181000000e-02	1.0367032475e+00
1.5672000000e-02	1.0475456186e+00
1.7321000000e-02	1.0615850633e+00
1.9142000000e-02	1.0797728666e+00
2.1155000000e-02	1.1029317437e+00
2.3380000000e-02	1.1323028992e+00
2.5839000000e-02	1.1680903632e+00
2.8557000000e-02	1.2118336611e+00
3.1560000000e-02	1.2621451871e+00
3.4879000000e-02	1.3156208214e+00
3.8548000000e-02	1.3638696665e+00
4.2602000000e-02	1.3928933895e+00
4.7082000000e-02	1.3881571276e+00
5.2034000000e-02	1.3454186793e+00
5.7506000000e-02	1.2787329005e+00
6.3554000000e-02	1.2138706208e+00
7.0238000000e-02	1.1748007335e+00
7.7625000000e-02	1.1787267223e+00
8.5789000000e-02	1.2351706845e+00
9.4812000000e-02	1.3288830049e+00
1.0478000000e-01	1.3785064388e+00
1.1580000000e-01	1.3085919544e+00
1.2798000000e-01	1.2118606791e+00
1.4144000000e-01	1.2064578426e+00
1.5632000000e-01	1.3011947909e+00
1.7276000000e-01	1.3286773487e+00
1.9093000000e-01	1.2345362651e+00
2.1101000000e-01	1.2461907995e+00
2.3320000000e-01	1.3066043161e+00
2.5773000000e-01	1.2463430421e+00
2.8483000000e-01	1.2740006590e+00
3.1479000000e-01	1.2669248328e+00
3.4789000000e-01	1.2674176712e+00
3.8448000000e-01	1.2648816267e+00
4.2492000000e-01	1.2703127302e+00
4.6961000000e-01	1.2649654474e+00
5.1900000000e-01	1.2664285404e+00
5.7358000000e-01	1.2671145421e+00
6.3390000000e-01	1.2669960675e+00
7.0057000000e-01	1.2667138306e+00
7.7425000000e-01	1.2666029913e+00
8.5568000000e-01	1.2666632003e+00
9.4567000000e-01	1.2665518621e+00
1.0451000000e+00	1.2665466403e+00
1.1550000000e+00	1.2665244774e+00
1.2765000000e+00	1.2664817288e+00
1.4108000000e+00	1.2664793423e+00
1.5591000000e+00	1.2664543066e+00
1.7231000000e+00	1.2663974575e+00
1.9043000000e+00	1.2664087394e+00
2.1046000000e+00	1.2663722328e+00
2.3260000000e+00	1.2663727118e+00
2.5706000000e+00	1.2664181290e+00
2.8410000000e+00	1.2663442993e+00
3.1397000000e+00	1.2663048164e+00
3.4700000000e+00	1.2661306030e+00
3.8349000000e+00	1.2662979186e+00
4.2382000000e+00	1.2662973460e+00
4.6839000000e+00	1.2662764992e+00
5.1766000000e+00	1.2662867440e+00
5.7210000000e+00	1.2662760674e+00
6.3227000000e+00	1.2662803703e+00
6.9876000000e+00	1.2662619513e+00
7.7225000000e+00	1.2662145864e+00
8.5347000000e+00	1.2661560682e+00
9.4323000000e+00	1.2661739215e+00
1.0424000000e+01	1.2660145976e+00
1.1521000000e+01	1.2661355034e+00
1.2732000000e+01	1.2660904728e+00
1.4071000000e+01	1.2660339702e+00
1.5551000000e+01	1.2659815282e+00
1.7187000000e+01	1.2659430859e+00
1.8994000000e+01	1.2658547816e+00
2.0992000000e+01	1.2657619305e+00
2.3200000000e+01	1.2656903550e+00
2.5640000000e+01	1.2655683484e+00
2.8336000000e+01	1.2654650700e+00
3.1316000000e+01	1.2652247438e+00
3.4610000000e+01	1.2651007994e+00
3.8250000000e+01	1.2647932005e+00
4.2273000000e+01	1.2643636144e+00
4.6718000000e+01	1.2640954404e+00
5.1632000000e+01	1.2636848528e+00
