5.8104000000e-06	1.0097673062e+00
6.4215000000e-06	1.0097673057e+00
7.0968000000e-06	1.0097672335e+00
7.8432000000e-06	1.0097672330e+00
8.6681000000e-06	1.0097672323e+00
9.5797000000e-06	1.0097672311e+00
1.0587000000e-05	1.0097673069e+00
1.1701000000e-05	1.0097672891e+00
1.2931000000e-05	1.0097671696e+00
1.4291000000e-05	1.0097672218e+00
1.5794000000e-05	1.0097671311e+00
1.7455000000e-05	1.0097684619e+00
1.9291000000e-05	1.0097978757e+00
2.1320000000e-05	1.0097966129e+00
2.3562000000e-05	1.0097693239e+00
2.6040000000e-05	1.0097693363e+00
2.8779000000e-05	1.0097692063e+00
3.1806000000e-05	1.0097690740e+00
3.5151000000e-05	1.0097686820e+00
3.8848000000e-05	1.0097684603e+00
4.2933000000e-05	1.0097681355e+00
4.7449000000e-05	1.0097703419e+00
5.2439000000e-05	1.0097699919e+00
5.7954000000e-05	1.0097693263e+00
6.4049000000e-05	1.0097711820e+00
7.0785000000e-05	1.0097690867e+00
7.8230000000e-05	1.0097715987e+00
8.6457000000e-05	1.0097434822e+00
9.5550000000e-05	1.0097444642e+00
1.0560000000e-04	1.0097436902e+00
1.1671000000e-04	1.0097749484e+00
1.2898000000e-04	1.0097476033e+00
1.4254000000e-04	1.0097477673e+00
1.5754000000e-04	1.0097526144e+00
1.7410000000e-04	1.0097537664e+00
1.9241000000e-04	1.0097279367e+00
2.1265000000e-04	1.0097588474e+00
2.3502000000e-04	1.0097347099e+00
2.5973000000e-04	1.0097412303e+00
2.8705000000e-04	1.0097193449e+00
3.1724000000e-04	1.0097262454e+00
3.5060000000e-04	1.0097073501e+00
3.8747000000e-04	1.0096632073e+00
4.2823000000e-04	1.0096482854e+00
4.7326000000e-04	1.0096364373e+00
5.2304000000e-04	1.0095737255e+00
5.7804000000e-04	1.0095430449e+00
6.3884000000e-04	1.0095175143e+00
7.0603000000e-04	1.0094417313e+00
7.8028000000e-04	1.0093764310e+00
8.6234000000e-04	1.0092947521e+00
9.5303000000e-04	1.0091938278e+00
1.0533000000e-03	1.0090541143e+00
1.1640000000e-03	1.0089323003e+00
1.2865000000e-03	1.0087201650e+00
1.4218000000e-03	1.0085078155e+00
1.5713000000e-03	1.0082182718e+00
1.7365000000e-03	1.0078865970e+00
1.9192000000e-03	1.0074926902e+00
2.1210000000e-03	1.0070202509e+00
2.3441000000e-03	1.0064546439e+00
2.5906000000e-03	1.0057886435e+00
2.8631000000e-03	1.0050073147e+00
3.1642000000e-03	1.0041135866e+00
3.4970000000e-03	1.0030475676e+00
3.8647000000e-03	1.0018151923e+00
4.2712000000e-03	1.0004608796e+00
4.7204000000e-03	9.9897267856e-01
5.2169000000e-03	9.9730578635e-01
5.7655000000e-03	9.9560958227e-01
6.3719000000e-03	9.9383334368e-01
7.0420000000e-03	9.9204404469e-01
7.7826000000e-03	9.9028664460e-01
8.6011000000e-03	9.8865630802e-01
9.5057000000e-03	9.8709153643e-01
1.0505000000e-02	9.8562227295e-01
1.1610000000e-02	9.8415788529e-01
1.2831000000e-02	9.8265079945e-01
1.4181000000e-02	9.8102304085e-01
1.5672000000e-02	9.7917327420e-01
1.7321000000e-02	9.7707533145e-01
1.9142000000e-02	9.7470998598e-01
2.1155000000e-02	9.7204656599e-01
2.3380000000e-02	9.6907258587e-01
2.5839000000e-02	9.6572078838e-01
2.8557000000e-02	9.6208206779e-01
3.1560000000e-02	9.5839461838e-01
3.4879000000e-02	9.5487533131e-01
3.8548000000e-02	9.5202123004e-01
4.2602000000e-02	9.5044745103e-01
4.7082000000e-02	9.5075245447e-01
5.2034000000e-02	9.5326386908e-01
5.7506000000e-02	9.5754387984e-01
6.3554000000e-02	9.6223809916e-01
7.0238000000e-02	9.6526313938e-01
7.7625000000e-02	9.6470340539e-01
8.5789000000e-02	9.6007272897e-01
9.4812000000e-02	9.5372568719e-01
1.0478000000e-01	9.5091397229e-01
1.1580000000e-01	9.5527540690e-01
1.2798000000e-01	9.6217530551e-01
1.4144000000e-01	9.6239454820e-01
1.5632000000e-01	9.5547590058e-01
1.7276000000e-01	9.5387695357e-01
1.9093000000e-01	9.6033907802e-01
2.1101000000e-01	9.5933673067e-01
2.3320000000e-01	9.5526313319e-01
2.5773000000e-01	9.5940839152e-01
2.8483000000e-01	9.5738038976e-01
3.1479000000e-01	9.5792722887e-01
3.4789000000e-01	9.5784798011e-01
3.8448000000e-01	9.5804891586e-01
4.2492000000e-01	9.5766125533e-01
4.6961000000e-01	9.5802395329e-01
5.1900000000e-01	9.5793380712e-01
5.7358000000e-01	9.5788121706e-01
6.3390000000e-01	9.5790007301e-01
7.0057000000e-01	9.5788170161e-01
7.7425000000e-01	9.5789785658e-01
8.5568000000e-01	9.5789055477e-01
9.4567000000e-01	9.5787583294e-01
1.0451000000e+00	9.5797270563e-01
1.1550000000e+00	9.5792795057e-01
1.2765000000e+00	9.5792224783e-01
1.4108000000e+00	9.5792261622e-01
1.5591000000e+00	9.5792308770e-01
1.7231000000e+00	9.5792987020e-01
1.9043000000e+00	9.5791589510e-01
2.1046000000e+00	9.5791599490e-01
2.3260000000e+00	9.5793357913e-01
2.5706000000e+00	9.5792837293e-01
2.8410000000e+00	9.5791334040e-01
3.1397000000e+00	9.5792275107e-01
3.4700000000e+00	9.5789785902e-01
3.8349000000e+00	9.5795211478e-01
4.2382000000e+00	9.5796814773e-01
4.6839000000e+00	9.5792469330e-01
5.1766000000e+00	9.5791855843e-01
5.7210000000e+00	9.5792217819e-01
6.3227000000e+00	9.5791833261e-01
6.9876000000e+00	9.5791971538e-01
7.7225000000e+00	9.5793149688e-01
8.5347000000e+00	9.5792830558e-01
9.4323000000e+00	9.5794376669e-01
1.0424000000e+01	9.5793404377e-01
1.1521000000e+01	9.5792805675e-01
1.2732000000e+01	9.5792402814e-01
1.4071000000e+01	9.5788610699e-01
1.5551000000e+01	9.5789527060e-01
1.7187000000e+01	9.5789920771e-01
1.8994000000e+01	9.5788511374e-01
2.0992000000e+01	9.5788146637e-01
2.3200000000e+01	9.5787283368e-01
2.5640000000e+01	9.5785509682e-01
2.8336000000e+01	9.5784945146e-01
3.1316000000e+01	9.5783794688e-01
3.4610000000e+01	9.5780101173e-01
3.8250000000e+01	9.5776316793e-01
4.2273000000e+01	9.5772020315e-01
4.6718000000e+01	9.5768763253e-01
5.1632000000e+01	9.5761115645e-01
