5.8104000000e-06	8.8922966926e-03
6.4215000000e-06	9.7907622101e-03
7.0968000000e-06	1.0779386968e-02
7.8432000000e-06	1.1868638528e-02
8.6681000000e-06	1.3067517737e-02
9.5797000000e-06	1.4387528886e-02
1.0587000000e-05	1.5841603757e-02
1.1701000000e-05	1.7441842389e-02
1.2931000000e-05	1.9203076520e-02
1.4291000000e-05	2.1143744290e-02
1.5794000000e-05	2.3278976778e-02
1.7455000000e-05	2.5631080826e-02
1.9291000000e-05	2.8217300704e-02
2.1320000000e-05	3.1068172835e-02
2.3562000000e-05	3.4207255907e-02
2.6040000000e-05	3.7666226229e-02
2.8779000000e-05	4.1467893492e-02
3.1806000000e-05	4.5657267607e-02
3.5151000000e-05	5.0267013939e-02
3.8848000000e-05	5.5344603437e-02
4.2933000000e-05	6.0932440989e-02
4.7449000000e-05	6.7085361347e-02
5.2439000000e-05	7.3860925146e-02
5.7954000000e-05	8.1317271265e-02
6.4049000000e-05	8.9524194241e-02
7.0785000000e-05	9.8560153388e-02
7.8230000000e-05	1.0850242562e-01
8.6457000000e-05	1.1945378842e-01
9.5550000000e-05	1.3149848887e-01
1.0560000000e-04	1.4475435354e-01
1.1671000000e-04	1.5931842227e-01
1.2898000000e-04	1.7537037926e-01
1.4254000000e-04	1.9301248449e-01
1.5754000000e-04	2.1240529607e-01
1.7410000000e-04	2.3373507360e-01
1.9241000000e-04	2.5717299461e-01
2.1265000000e-04	2.8289314943e-01
2.3502000000e-04	3.1115511779e-01
2.5973000000e-04	3.4213018758e-01
2.8705000000e-04	3.7614333266e-01
3.1724000000e-04	4.1336731210e-01
3.5060000000e-04	4.5408131482e-01
3.8747000000e-04	4.9856185306e-01
4.2823000000e-04	5.4704933552e-01
4.7326000000e-04	5.9978233263e-01
5.2304000000e-04	6.5710184271e-01
5.7804000000e-04	7.1897300436e-01
6.3884000000e-04	7.8564935586e-01
7.0603000000e-04	8.5716799815e-01
7.8028000000e-04	9.3326954598e-01
8.6234000000e-04	1.0137442992e+00
9.5303000000e-04	1.0979079732e+00
1.0533000000e-03	1.1849133099e+00
1.1640000000e-03	1.2731447901e+00
1.2865000000e-03	1.3610490413e+00
1.4218000000e-03	1.4456030877e+00
1.5713000000e-03	1.5237418435e+00
1.7365000000e-03	1.5909648276e+00
1.9192000000e-03	1.6424242855e+00
2.1210000000e-03	1.6720837781e+00
2.3441000000e-03	1.6735725835e+00
2.5906000000e-03	1.6409511718e+00
2.8631000000e-03	1.5691397199e+00
3.1642000000e-03	1.4555514566e+00
3.4970000000e-03	1.3016578175e+00
3.8647000000e-03	1.1139030047e+00
4.2712000000e-03	9.0471487120e-01
4.7204000000e-03	6.9191739015e-01
5.2169000000e-03	4.9555130890e-01
5.7655000000e-03	3.3268318902e-01
6.3719000000e-03	2.1300696981e-01
7.0420000000e-03	1.3602784846e-01
7.7826000000e-03	9.3042278819e-02
8.6011000000e-03	7.2026833931e-02
9.5057000000e-03	6.1225303398e-02
1.0505000000e-02	5.0615147671e-02
1.1610000000e-02	3.5563208053e-02
1.2831000000e-02	2.0081394987e-02
1.4181000000e-02	1.0417320151e-02
1.5672000000e-02	6.6098700710e-03
1.7321000000e-02	4.5612563489e-03
1.9142000000e-02	1.9950071627e-03
2.1155000000e-02	5.6167223742e-04
2.3380000000e-02	2.8201609823e-04
2.5839000000e-02	5.9014919328e-05
2.8557000000e-02	1.6270075137e-08
3.1560000000e-02	1.0010702520e-07
3.4879000000e-02	4.7892605311e-06
3.8548000000e-02	4.7520820556e-08
4.2602000000e-02	3.3771743201e-06
4.7082000000e-02	1.6125632904e-05
5.2034000000e-02	3.7157931154e-05
5.7506000000e-02	5.3812463498e-05
6.3554000000e-02	5.2704547571e-05
7.0238000000e-02	3.3155701580e-05
7.7625000000e-02	1.0365655268e-05
8.5789000000e-02	9.1192151890e-07
9.4812000000e-02	2.8753129923e-09
1.0478000000e-01	3.9961412030e-08
1.1580000000e-01	3.8136937339e-07
1.2798000000e-01	1.2413765597e-06
1.4144000000e-01	5.6836065718e-07
1.5632000000e-01	2.8964643710e-09
1.7276000000e-01	1.0405689785e-11
1.9093000000e-01	1.0019232409e-07
2.1101000000e-01	3.9718412393e-08
2.3320000000e-01	1.0868789708e-09
2.5773000000e-01	1.7445415275e-08
2.8483000000e-01	1.1974700653e-09
3.1479000000e-01	9.5400584361e-10
3.4789000000e-01	1.1081427537e-09
3.8448000000e-01	6.5857877977e-10
4.2492000000e-01	3.8002982038e-12
4.6961000000e-01	6.1857410416e-10
5.1900000000e-01	1.4325208367e-10
5.7358000000e-01	5.7048532627e-15
6.3390000000e-01	5.9654055042e-12
7.0057000000e-01	7.2457732062e-13
7.7425000000e-01	7.1553019195e-14
8.5568000000e-01	1.0857485328e-11
9.4567000000e-01	2.7436402863e-12
1.0451000000e+00	3.4891610520e-13
1.1550000000e+00	2.6535683815e-14
1.2765000000e+00	4.6564078360e-13
1.4108000000e+00	2.3287460329e-13
1.5591000000e+00	1.6300767167e-14
1.7231000000e+00	1.9823104378e-13
1.9043000000e+00	5.3434567219e-17
2.1046000000e+00	9.1876007965e-19
2.3260000000e+00	4.0020236977e-14
2.5706000000e+00	1.5121682590e-17
2.8410000000e+00	5.6445372299e-16
3.1397000000e+00	1.2591152364e-15
3.4700000000e+00	1.2443872753e-15
3.8349000000e+00	1.3670257563e-17
4.2382000000e+00	6.0795867159e-17
4.6839000000e+00	4.9445633118e-20
5.1766000000e+00	1.1967243495e-16
5.7210000000e+00	1.2695823550e-16
6.3227000000e+00	1.6408999453e-17
6.9876000000e+00	2.1126605064e-17
7.7225000000e+00	7.6119761014e-18
8.5347000000e+00	3.1335709756e-19
9.4323000000e+00	2.1808302939e-18
1.0424000000e+01	1.2194973142e-19
1.1521000000e+01	2.7487314711e-19
1.2732000000e+01	1.3884909449e-20
1.4071000000e+01	7.1479640732e-20
1.5551000000e+01	1.3888300601e-20
1.7187000000e+01	8.8419763867e-22
1.8994000000e+01	8.2988441056e-21
2.0992000000e+01	9.4783327547e-21
2.3200000000e+01	2.1940157876e-21
2.5640000000e+01	1.4472332412e-22
2.8336000000e+01	6.0577676542e-23
3.1316000000e+01	3.6029204858e-22
3.4610000000e+01	4.3152703309e-24
3.8250000000e+01	1.8331850234e-22
4.2273000000e+01	8.3923347143e-23
4.6718000000e+01	1.4226968054e-23
5.1632000000e+01	5.6238292964e-24
