5.8104000000e-06	9.5882216021e-01
6.4215000000e-06	9.5882214098e-01
7.0968000000e-06	9.5883352631e-01
7.8432000000e-06	9.5883346828e-01
8.6681000000e-06	9.5883340138e-01
9.5797000000e-06	9.5883336954e-01
1.0587000000e-05	9.5882102744e-01
1.1701000000e-05	9.5882218074e-01
1.2931000000e-05	9.5883342696e-01
1.4291000000e-05	9.5882104216e-01
1.5794000000e-05	9.5883354160e-01
1.7455000000e-05	9.5882356521e-01
1.9291000000e-05	9.5884943886e-01
2.1320000000e-05	9.5884723022e-01
2.3562000000e-05	9.5883476652e-01
2.6040000000e-05	9.5882246549e-01
2.8779000000e-05	9.5883493523e-01
3.1806000000e-05	9.5883501227e-01
3.5151000000e-05	9.5884629381e-01
3.8848000000e-05	9.5884492654e-01
4.2933000000e-05	9.5884605737e-01
4.7449000000e-05	9.5884642720e-01
5.2439000000e-05	9.5884648933e-01
5.7954000000e-05	9.5885762485e-01
6.4049000000e-05	9.5885913084e-01
7.0785000000e-05	9.5886680591e-01
7.8230000000e-05	9.5888282806e-01
8.6457000000e-05	9.5888218493e-01
9.5550000000e-05	9.5889362306e-01
1.0560000000e-04	9.5891417054e-01
1.1671000000e-04	9.5895560263e-01
1.2898000000e-04	9.5896625667e-01
1.4254000000e-04	9.5900045468e-01
1.5754000000e-04	9.5905013211e-01
1.7410000000e-04	9.5908498284e-01
1.9241000000e-04	9.5914542785e-01
2.1265000000e-04	9.5922746056e-01
2.3502000000e-04	9.5931249381e-01
2.5973000000e-04	9.5942381587e-01
2.8705000000e-04	9.5953124645e-01
3.1724000000e-04	9.5970198498e-01
3.5060000000e-04	9.5989826446e-01
3.8747000000e-04	9.6013493077e-01
4.2823000000e-04	9.6043232224e-01
4.7326000000e-04	9.6079968385e-01
5.2304000000e-04	9.6123703775e-01
5.7804000000e-04	9.6180854264e-01
6.3884000000e-04	9.6251420175e-01
7.0603000000e-04	9.6337410558e-01
7.8028000000e-04	9.6446077173e-01
8.6234000000e-04	9.6582044796e-01
9.5303000000e-04	9.6755507256e-01
1.0533000000e-03	9.6974065790e-01
1.1640000000e-03	9.7258428823e-01
1.2865000000e-03	9.7619917124e-01
1.4218000000e-03	9.8094588288e-01
1.5713000000e-03	9.8716525265e-01
1.7365000000e-03	9.9544590271e-01
1.9192000000e-03	1.0065495571e+00
2.1210000000e-03	1.0216053761e+00
2.3441000000e-03	1.0422517584e+00
2.5906000000e-03	1.0707017957e+00
2.8631000000e-03	1.1100651086e+00
3.1642000000e-03	1.1642106025e+00
3.4970000000e-03	1.2375817382e+00
3.8647000000e-03	1.3334753685e+00
4.2712000000e-03	1.4509761393e+00
4.7204000000e-03	1.5794431679e+00
5.2169000000e-03	1.6961607872e+00
5.7655000000e-03	1.7737405097e+00
6.3719000000e-03	1.7976139827e+00
7.0420000000e-03	1.7788842789e+00
7.7826000000e-03	1.7495579456e+00
8.6011000000e-03	1.7430441464e+00
9.5057000000e-03	1.7624457048e+00
1.0505000000e-02	1.7539690394e+00
1.1610000000e-02	1.6596116781e+00
1.2831000000e-02	1.5268872965e+00
1.4181000000e-02	1.4893145701e+00
1.5672000000e-02	1.5746894869e+00
1.7321000000e-02	1.7269272631e+00
1.9142000000e-02	2.0853017373e+00
2.1155000000e-02	2.2312795251e+00
2.3380000000e-02	1.9570215599e+00
2.5839000000e-02	1.5312528818e+00
2.8557000000e-02	1.5199784110e+00
3.1560000000e-02	2.2850958867e+00
3.4879000000e-02	2.3356913421e+00
3.8548000000e-02	1.3400326141e+00
4.2602000000e-02	2.0149501083e+00
4.7082000000e-02	2.5729940159e+00
5.2034000000e-02	9.8038994076e-01
5.7506000000e-02	3.0611290953e+00
6.3554000000e-02	7.7192463072e-01
7.0238000000e-02	3.3998544562e+00
7.7625000000e-02	7.8198889196e-01
8.5789000000e-02	1.6027945685e+00
9.4812000000e-02	3.6732822789e+00
1.0478000000e-01	3.0020101136e+00
1.1580000000e-01	1.7772743943e+00
1.2798000000e-01	1.5561461477e+00
1.4144000000e-01	3.4245747349e+00
1.5632000000e-01	4.9588544361e+00
1.7276000000e-01	-3.5964840028e-01
1.9093000000e-01	4.9718030801e+00
2.1101000000e-01	-2.0781709169e+00
2.3320000000e-01	-6.4729218685e-02
2.5773000000e-01	-4.6888820519e-01
2.8483000000e-01	-4.3876686350e+00
3.1479000000e-01	8.6855724177e+00
3.4789000000e-01	-3.8150435401e-01
3.8448000000e-01	-9.2736476336e-01
4.2492000000e-01	1.1396972274e+01
4.6961000000e-01	-3.2827097799e+00
5.1900000000e-01	-1.9015771445e+00
5.7358000000e-01	7.7339834183e+00
6.3390000000e-01	1.3369401248e+01
7.0057000000e-01	-1.1152570087e+01
7.7425000000e-01	-1.2800719410e+01
8.5568000000e-01	3.2115869751e+00
9.4567000000e-01	-1.6499774080e+01
1.0451000000e+00	-1.6331959883e+00
1.1550000000e+00	-2.0907988470e+00
1.2765000000e+00	-1.0331392786e+01
1.4108000000e+00	-1.8842082414e+01
1.5591000000e+00	6.8597657945e+00
1.7231000000e+00	1.7405014562e+01
1.9043000000e+00	4.1192250810e+01
2.1046000000e+00	-3.2139768574e+01
2.3260000000e+00	-6.0331874274e+01
2.5706000000e+00	-5.7313022717e+01
2.8410000000e+00	-5.2004202723e+01
3.1397000000e+00	4.7217559364e+01
3.4700000000e+00	7.6430357850e+01
3.8349000000e+00	6.7615790127e+01
4.2382000000e+00	6.2498819910e+01
4.6839000000e+00	-3.8134438252e+01
5.1766000000e+00	-1.2427056450e+02
5.7210000000e+00	7.6286814177e+01
6.3227000000e+00	-3.0956670247e+01
6.9876000000e+00	1.2403027287e+01
7.7225000000e+00	9.7278425933e+01
8.5347000000e+00	-3.7921929381e+01
9.4323000000e+00	-1.2058834972e+02
1.0424000000e+01	1.3258609450e+02
1.1521000000e+01	-2.5675066853e+02
1.2732000000e+01	-2.7928255674e+02
1.4071000000e+01	-6.1285089396e+01
1.5551000000e+01	-7.0618452082e+01
1.7187000000e+01	2.2623268970e+02
1.8994000000e+01	-4.3647881275e-01
2.0992000000e+01	4.4529197258e+02
2.3200000000e+01	1.9494974093e+01
2.5640000000e+01	-2.3849714415e+02
2.8336000000e+01	-1.1484004825e+02
3.1316000000e+01	-4.2631546513e+02
3.4610000000e+01	7.6573073735e+02
3.8250000000e+01	-2.3320012369e+02
4.2273000000e+01	-3.3566167985e+02
4.6718000000e+01	1.3639566834e+01
5.1632000000e+01	5.3198902955e+02
