5.8104000000e-06	1.0045558958e+00
6.4215000000e-06	1.0045558950e+00
7.0968000000e-06	1.0045557904e+00
7.8432000000e-06	1.0045557894e+00
8.6681000000e-06	1.0045557881e+00
9.5797000000e-06	1.0045557861e+00
1.0587000000e-05	1.0045558953e+00
1.1701000000e-05	1.0045558737e+00
1.2931000000e-05	1.0045557386e+00
1.4291000000e-05	1.0045558323e+00
1.5794000000e-05	1.0045557049e+00
1.7455000000e-05	1.0045576156e+00
1.9291000000e-05	1.0045752506e+00
2.1320000000e-05	1.0045735123e+00
2.3562000000e-05	1.0045570716e+00
2.6040000000e-05	1.0045571306e+00
2.8779000000e-05	1.0045569685e+00
3.1806000000e-05	1.0045568617e+00
3.5151000000e-05	1.0045565362e+00
3.8848000000e-05	1.0045563742e+00
4.2933000000e-05	1.0045561329e+00
4.7449000000e-05	1.0045575007e+00
5.2439000000e-05	1.0045572227e+00
5.7954000000e-05	1.0045566873e+00
6.4049000000e-05	1.0045577956e+00
7.0785000000e-05	1.0045553976e+00
7.8230000000e-05	1.0045576286e+00
8.6457000000e-05	1.0045406773e+00
9.5550000000e-05	1.0045410907e+00
1.0560000000e-04	1.0045392445e+00
1.1671000000e-04	1.0045587648e+00
1.2898000000e-04	1.0045419739e+00
1.4254000000e-04	1.0045405004e+00
1.5754000000e-04	1.0045439712e+00
1.7410000000e-04	1.0045429505e+00
1.9241000000e-04	1.0045264049e+00
2.1265000000e-04	1.0045430927e+00
2.3502000000e-04	1.0045270730e+00
2.5973000000e-04	1.0045295969e+00
2.8705000000e-04	1.0045136325e+00
3.1724000000e-04	1.0045143711e+00
3.5060000000e-04	1.0044991510e+00
3.8747000000e-04	1.0044690985e+00
4.2823000000e-04	1.0044539795e+00
4.7326000000e-04	1.0044396622e+00
5.2304000000e-04	1.0043947974e+00
5.7804000000e-04	1.0043657872e+00
6.3884000000e-04	1.0043381184e+00
7.0603000000e-04	1.0042772375e+00
7.8028000000e-04	1.0042212488e+00
8.6234000000e-04	1.0041506825e+00
9.5303000000e-04	1.0040628181e+00
1.0533000000e-03	1.0039476318e+00
1.1640000000e-03	1.0038361682e+00
1.2865000000e-03	1.0036615050e+00
1.4218000000e-03	1.0034777141e+00
1.5713000000e-03	1.0032366126e+00
1.7365000000e-03	1.0029579368e+00
1.9192000000e-03	1.0026274362e+00
2.1210000000e-03	1.0022312314e+00
2.3441000000e-03	1.0017623605e+00
2.5906000000e-03	1.0012134782e+00
2.8631000000e-03	1.0005724742e+00
3.1642000000e-03	9.9984410848e-01
3.4970000000e-03	9.9899245048e-01
3.8647000000e-03	9.9802344681e-01
4.2712000000e-03	9.9697182597e-01
4.7204000000e-03	9.9583602508e-01
5.2169000000e-03	9.9459662482e-01
5.7655000000e-03	9.9335555126e-01
6.3719000000e-03	9.9208391101e-01
7.0420000000e-03	9.9082274467e-01
7.7826000000e-03	9.8958717428e-01
8.6011000000e-03	9.8842263956e-01
9.5057000000e-03	9.8726926447e-01
1.0505000000e-02	9.8613815041e-01
1.1610000000e-02	9.8497918019e-01
1.2831000000e-02	9.8376867326e-01
1.4181000000e-02	9.8244835764e-01
1.5672000000e-02	9.8093026130e-01
1.7321000000e-02	9.7917963239e-01
1.9142000000e-02	9.7718689722e-01
2.1155000000e-02	9.7492043805e-01
2.3380000000e-02	9.7235657942e-01
2.5839000000e-02	9.6946006176e-01
2.8557000000e-02	9.6631008434e-01
3.1560000000e-02	9.6309843076e-01
3.4879000000e-02	9.6004573257e-01
3.8548000000e-02	9.5759188961e-01
4.2602000000e-02	9.5627900308e-01
4.7082000000e-02	9.5663387289e-01
5.2034000000e-02	9.5892318545e-01
5.7506000000e-02	9.6274870712e-01
6.3554000000e-02	9.6690257134e-01
7.0238000000e-02	9.6955209921e-01
7.7625000000e-02	9.6901718668e-01
8.5789000000e-02	9.6488957618e-01
9.4812000000e-02	9.5927560062e-01
1.0478000000e-01	9.5683482064e-01
1.1580000000e-01	9.6075328411e-01
1.2798000000e-01	9.6686083952e-01
1.4144000000e-01	9.6701618904e-01
1.5632000000e-01	9.6087524176e-01
1.7276000000e-01	9.5949836472e-01
1.9093000000e-01	9.6523977624e-01
2.1101000000e-01	9.6431486818e-01
2.3320000000e-01	9.6071498744e-01
2.5773000000e-01	9.6440947716e-01
2.8483000000e-01	9.6259491182e-01
3.1479000000e-01	9.6309421716e-01
3.4789000000e-01	9.6301522809e-01
3.8448000000e-01	9.6320245281e-01
4.2492000000e-01	9.6285328981e-01
4.6961000000e-01	9.6317814996e-01
5.1900000000e-01	9.6309752026e-01
5.7358000000e-01	9.6305148991e-01
6.3390000000e-01	9.6306779346e-01
7.0057000000e-01	9.6305907422e-01
7.7425000000e-01	9.6307090407e-01
8.5568000000e-01	9.6306832605e-01
9.4567000000e-01	9.6305955674e-01
1.0451000000e+00	9.6312060619e-01
1.1550000000e+00	9.6309343701e-01
1.2765000000e+00	9.6309020992e-01
1.4108000000e+00	9.6309107167e-01
1.5591000000e+00	9.6309181547e-01
1.7231000000e+00	9.6309619643e-01
1.9043000000e+00	9.6308805863e-01
2.1046000000e+00	9.6308837119e-01
2.3260000000e+00	9.6309965432e-01
2.5706000000e+00	9.6309717023e-01
2.8410000000e+00	9.6308772886e-01
3.1397000000e+00	9.6309343892e-01
3.4700000000e+00	9.6307696032e-01
3.8349000000e+00	9.6311229362e-01
4.2382000000e+00	9.6312238078e-01
4.6839000000e+00	9.6309528442e-01
5.1766000000e+00	9.6309161713e-01
5.7210000000e+00	9.6309377679e-01
6.3227000000e+00	9.6309135425e-01
6.9876000000e+00	9.6309195919e-01
7.7225000000e+00	9.6309866379e-01
8.5347000000e+00	9.6309596235e-01
9.4323000000e+00	9.6310525117e-01
1.0424000000e+01	9.6309727391e-01
1.1521000000e+01	9.6309362797e-01
1.2732000000e+01	9.6308979274e-01
1.4071000000e+01	9.6306429350e-01
1.5551000000e+01	9.6306782336e-01
1.7187000000e+01	9.6306790457e-01
1.8994000000e+01	9.6305582441e-01
2.0992000000e+01	9.6304956366e-01
2.3200000000e+01	9.6303954759e-01
2.5640000000e+01	9.6302262206e-01
2.8336000000e+01	9.6301219063e-01
3.1316000000e+01	9.6299576696e-01
3.4610000000e+01	9.6296253652e-01
3.8250000000e+01	9.6292539763e-01
4.2273000000e+01	9.6288157311e-01
4.6718000000e+01	9.6284233934e-01
5.1632000000e+01	9.6277094908e-01
