5.8104000000e-06	2.7819085576e+01
6.4215000000e-06	3.0629892231e+01
7.0968000000e-06	3.3723681149e+01
7.8432000000e-06	3.7131446981e+01
8.6681000000e-06	4.0882189298e+01
9.5797000000e-06	4.5011905658e+01
1.0587000000e-05	4.9559590716e+01
1.1701000000e-05	5.4566246634e+01
1.2931000000e-05	6.0077871393e+01
1.4291000000e-05	6.6147451823e+01
1.5794000000e-05	7.2829997011e+01
1.7455000000e-05	8.0187818549e+01
1.9291000000e-05	8.8287944728e+01
2.1320000000e-05	9.7206967710e+01
2.3562000000e-05	1.0702266091e+02
2.6040000000e-05	1.1784191791e+02
2.8779000000e-05	1.2974111505e+02
3.1806000000e-05	1.4285022409e+02
3.5151000000e-05	1.5727925899e+02
3.8848000000e-05	1.7316818869e+02
4.2933000000e-05	1.9065702227e+02
4.7449000000e-05	2.0991574130e+02
5.2439000000e-05	2.3112433522e+02
5.7954000000e-05	2.5447282433e+02
6.4049000000e-05	2.8017116690e+02
7.0785000000e-05	3.0846820975e+02
7.8230000000e-05	3.3962735608e+02
8.6457000000e-05	3.7392688003e+02
9.5550000000e-05	4.1168480920e+02
1.0560000000e-04	4.5326079622e+02
1.1671000000e-04	4.9901836954e+02
1.2898000000e-04	5.4939804466e+02
1.4254000000e-04	6.0485324882e+02
1.5754000000e-04	6.6590342848e+02
1.7410000000e-04	7.3308829279e+02
1.9241000000e-04	8.0703930363e+02
2.1265000000e-04	8.8841137677e+02
2.3502000000e-04	9.7796376943e+02
2.5973000000e-04	1.0764545717e+03
2.8705000000e-04	1.1848568333e+03
3.1724000000e-04	1.3041565506e+03
3.5060000000e-04	1.4352647106e+03
3.8747000000e-04	1.5793903190e+03
4.2823000000e-04	1.7378051688e+03
4.7326000000e-04	1.9118279831e+03
5.2304000000e-04	2.1030879538e+03
5.7804000000e-04	2.3128416259e+03
6.3884000000e-04	2.5431169257e+03
7.0603000000e-04	2.7955335689e+03
7.8028000000e-04	3.0720047709e+03
8.6234000000e-04	3.3747218720e+03
9.5303000000e-04	3.7056988652e+03
1.0533000000e-03	4.0672037162e+03
1.1640000000e-03	4.4615038726e+03
1.2865000000e-03	4.8908827066e+03
1.4218000000e-03	5.3575481080e+03
1.5713000000e-03	5.8638949223e+03
1.7365000000e-03	6.4117665358e+03
1.9192000000e-03	7.0034346401e+03
2.1210000000e-03	7.6400122996e+03
2.3441000000e-03	8.3228962206e+03
2.5906000000e-03	9.0528989287e+03
2.8631000000e-03	9.8301028273e+03
3.1642000000e-03	1.0653515459e+04
3.4970000000e-03	1.1523104682e+04
3.8647000000e-03	1.2434411465e+04
4.2712000000e-03	1.3385543975e+04
4.7204000000e-03	1.4370561315e+04
5.2169000000e-03	1.5382754251e+04
5.7655000000e-03	1.6415363111e+04
6.3719000000e-03	1.7455618180e+04
7.0420000000e-03	1.8493617918e+04
7.7826000000e-03	1.9510875886e+04
8.6011000000e-03	2.0490127269e+04
9.5057000000e-03	2.1409820275e+04
1.0505000000e-02	2.2246566756e+04
1.1610000000e-02	2.2973756472e+04
1.2831000000e-02	2.3560093270e+04
1.4181000000e-02	2.3973951200e+04
1.5672000000e-02	2.4185927507e+04
1.7321000000e-02	2.4162677106e+04
1.9142000000e-02	2.3877085447e+04
2.1155000000e-02	2.3312295057e+04
2.3380000000e-02	2.2464027301e+04
2.5839000000e-02	2.1344440602e+04
2.8557000000e-02	1.9993360658e+04
3.1560000000e-02	1.8474980570e+04
3.4879000000e-02	1.6876587329e+04
3.8548000000e-02	1.5305335016e+04
4.2602000000e-02	1.3863043178e+04
4.7082000000e-02	1.2631115032e+04
5.2034000000e-02	1.1643747011e+04
5.7506000000e-02	1.0861287373e+04
6.3554000000e-02	1.0163545943e+04
7.0238000000e-02	9.3744683561e+03
7.7625000000e-02	8.3510807527e+03
8.5789000000e-02	7.1110826278e+03
9.4812000000e-02	5.8811792682e+03
1.0478000000e-01	4.9485923638e+03
1.1580000000e-01	4.4067155812e+03
1.2798000000e-01	4.0280528196e+03
1.4144000000e-01	3.4746383055e+03
1.5632000000e-01	2.7797217447e+03
1.7276000000e-01	2.3010013902e+03
1.9093000000e-01	2.0500053433e+03
2.1101000000e-01	1.7087269923e+03
2.3320000000e-01	1.3675792791e+03
2.5773000000e-01	1.1781650042e+03
2.8483000000e-01	9.5741719518e+02
3.1479000000e-01	7.9014199690e+02
3.4789000000e-01	6.4839384847e+02
3.8448000000e-01	5.3010827297e+02
4.2492000000e-01	4.3018131121e+02
4.6961000000e-01	3.5025532242e+02
5.1900000000e-01	2.8303628945e+02
5.7358000000e-01	2.2817764086e+02
6.3390000000e-01	1.8353909662e+02
7.0057000000e-01	1.4722668933e+02
7.7425000000e-01	1.1779023213e+02
8.5568000000e-01	9.4011097942e+01
9.4567000000e-01	7.4852604433e+01
1.0451000000e+00	5.9466727660e+01
1.1550000000e+00	4.7142323351e+01
1.2765000000e+00	3.7297661786e+01
1.4108000000e+00	2.9451329992e+01
1.5591000000e+00	2.3212765756e+01
1.7231000000e+00	1.8262438623e+01
1.9043000000e+00	1.4343831907e+01
2.1046000000e+00	1.1248861245e+01
2.3260000000e+00	8.8070528642e+00
2.5706000000e+00	6.8853701136e+00
2.8410000000e+00	5.3753122893e+00
3.1397000000e+00	4.1907660791e+00
3.4700000000e+00	3.2629747495e+00
3.8349000000e+00	2.5373603128e+00
4.2382000000e+00	1.9708053809e+00
4.6839000000e+00	1.5289345732e+00
5.1766000000e+00	1.1848448635e+00
5.7210000000e+00	9.1717878951e-01
6.3227000000e+00	7.0927356494e-01
6.9876000000e+00	5.4794951145e-01
7.7225000000e+00	4.2291042892e-01
8.5347000000e+00	3.2611406137e-01
9.4323000000e+00	2.5123944342e-01
1.0424000000e+01	1.9339655215e-01
1.1521000000e+01	1.4874276961e-01
1.2732000000e+01	1.1431333341e-01
1.4071000000e+01	8.7782517056e-02
1.5551000000e+01	6.7357986502e-02
1.7187000000e+01	5.1648663691e-02
1.8994000000e+01	3.9575084627e-02
2.0992000000e+01	3.0303299115e-02
2.3200000000e+01	2.3187214884e-02
2.5640000000e+01	1.7731737071e-02
2.8336000000e+01	1.3550360552e-02
3.1316000000e+01	1.0347871407e-02
3.4610000000e+01	7.8981551742e-03
3.8250000000e+01	6.0242781948e-03
4.2273000000e+01	4.5921704369e-03
4.6718000000e+01	3.4982926995e-03
5.1632000000e+01	2.6632956533e-03
