5.8104000000e-06	9.8177475707e-01
6.4215000000e-06	9.8177475500e-01
7.0968000000e-06	9.8177469067e-01
7.8432000000e-06	9.8177468774e-01
8.6681000000e-06	9.8177468415e-01
9.5797000000e-06	9.8177467949e-01
1.0587000000e-05	9.8177474045e-01
1.1701000000e-05	9.8177472801e-01
1.2931000000e-05	9.8177465893e-01
1.4291000000e-05	9.8177471595e-01
1.5794000000e-05	9.8177463611e-01
1.7455000000e-05	9.8177561379e-01
1.9291000000e-05	9.8177456775e-01
2.1320000000e-05	9.8177369232e-01
2.3562000000e-05	9.8177455235e-01
2.6040000000e-05	9.8177458567e-01
2.8779000000e-05	9.8177447788e-01
3.1806000000e-05	9.8177442455e-01
3.5151000000e-05	9.8177430515e-01
3.8848000000e-05	9.8177423493e-01
4.2933000000e-05	9.8177414428e-01
4.7449000000e-05	9.8177403566e-01
5.2439000000e-05	9.8177389504e-01
5.7954000000e-05	9.8177367372e-01
6.4049000000e-05	9.8177347251e-01
7.0785000000e-05	9.8177231731e-01
7.8230000000e-05	9.8177273679e-01
8.6457000000e-05	9.8177333404e-01
9.5550000000e-05	9.8177282998e-01
1.0560000000e-04	9.8177124544e-01
1.1671000000e-04	9.8177041545e-01
1.2898000000e-04	9.8177044349e-01
1.4254000000e-04	9.8176834457e-01
1.5754000000e-04	9.8176780575e-01
1.7410000000e-04	9.8176522195e-01
1.9241000000e-04	9.8176393638e-01
2.1265000000e-04	9.8175963278e-01
2.3502000000e-04	9.8175727630e-01
2.5973000000e-04	9.8175350958e-01
2.8705000000e-04	9.8174894210e-01
3.1724000000e-04	9.8174228937e-01
3.5060000000e-04	9.8173534828e-01
3.8747000000e-04	9.8172867531e-01
4.2823000000e-04	9.8171751757e-01
4.7326000000e-04	9.8170408689e-01
5.2304000000e-04	9.8169074942e-01
5.7804000000e-04	9.8167134464e-01
6.3884000000e-04	9.8164796129e-01
7.0603000000e-04	9.8162080216e-01
7.8028000000e-04	9.8158883933e-01
8.6234000000e-04	9.8154926060e-01
9.5303000000e-04	9.8150065942e-01
1.0533000000e-03	9.8144449739e-01
1.1640000000e-03	9.8137544806e-01
1.2865000000e-03	9.8129451914e-01
1.4218000000e-03	9.8119807727e-01
1.5713000000e-03	9.8108629960e-01
1.7365000000e-03	9.8095663892e-01
1.9192000000e-03	9.8080789728e-01
2.1210000000e-03	9.8063799291e-01
2.3441000000e-03	9.8045105093e-01
2.5906000000e-03	9.8024755571e-01
2.8631000000e-03	9.8002948908e-01
3.1642000000e-03	9.7980473943e-01
3.4970000000e-03	9.7958106486e-01
3.8647000000e-03	9.7936445669e-01
4.2712000000e-03	9.7916137690e-01
4.7204000000e-03	9.7897200183e-01
5.2169000000e-03	9.7879166093e-01
5.7655000000e-03	9.7860725435e-01
6.3719000000e-03	9.7840345482e-01
7.0420000000e-03	9.7817149321e-01
7.7826000000e-03	9.7791182282e-01
8.6011000000e-03	9.7763961722e-01
9.5057000000e-03	9.7736172226e-01
1.0505000000e-02	9.7707344895e-01
1.1610000000e-02	9.7677120609e-01
1.2831000000e-02	9.7646541168e-01
1.4181000000e-02	9.7616531008e-01
1.5672000000e-02	9.7585848205e-01
1.7321000000e-02	9.7553185843e-01
1.9142000000e-02	9.7517892571e-01
2.1155000000e-02	9.7479969378e-01
2.3380000000e-02	9.7440993391e-01
2.5839000000e-02	9.7399839508e-01
2.8557000000e-02	9.7356919362e-01
3.1560000000e-02	9.7314371653e-01
3.4879000000e-02	9.7275638516e-01
3.8548000000e-02	9.7244457661e-01
4.2602000000e-02	9.7227771306e-01
4.7082000000e-02	9.7230493691e-01
5.2034000000e-02	9.7255232423e-01
5.7506000000e-02	9.7296189582e-01
6.3554000000e-02	9.7339095075e-01
7.0238000000e-02	9.7363783394e-01
7.7625000000e-02	9.7352630013e-01
8.5789000000e-02	9.7302454440e-01
9.4812000000e-02	9.7237881407e-01
1.0478000000e-01	9.7211944174e-01
1.1580000000e-01	9.7258441173e-01
1.2798000000e-01	9.7325949212e-01
1.4144000000e-01	9.7324216213e-01
1.5632000000e-01	9.7253481775e-01
1.7276000000e-01	9.7240003519e-01
1.9093000000e-01	9.7305239552e-01
2.1101000000e-01	9.7292103582e-01
2.3320000000e-01	9.7251985096e-01
2.5773000000e-01	9.7294491175e-01
2.8483000000e-01	9.7272717687e-01
3.1479000000e-01	9.7279133888e-01
3.4789000000e-01	9.7277495887e-01
3.8448000000e-01	9.7280044885e-01
4.2492000000e-01	9.7275700523e-01
4.6961000000e-01	9.7279422431e-01
5.1900000000e-01	9.7278459673e-01
5.7358000000e-01	9.7277902884e-01
6.3390000000e-01	9.7278062881e-01
7.0057000000e-01	9.7278176291e-01
7.7425000000e-01	9.7278185860e-01
8.5568000000e-01	9.7278321056e-01
9.4567000000e-01	9.7278338970e-01
1.0451000000e+00	9.7278101956e-01
1.1550000000e+00	9.7278249949e-01
1.2765000000e+00	9.7278264537e-01
1.4108000000e+00	9.7278293854e-01
1.5591000000e+00	9.7278307291e-01
1.7231000000e+00	9.7278278335e-01
1.9043000000e+00	9.7278350051e-01
2.1046000000e+00	9.7278352255e-01
2.3260000000e+00	9.7278321790e-01
2.5706000000e+00	9.7278392345e-01
2.8410000000e+00	9.7278407523e-01
3.1397000000e+00	9.7278360600e-01
3.4700000000e+00	9.7278321961e-01
3.8349000000e+00	9.7278311266e-01
4.2382000000e+00	9.7278272686e-01
4.6839000000e+00	9.7278383367e-01
5.1766000000e+00	9.7278411702e-01
5.7210000000e+00	9.7278392661e-01
6.3227000000e+00	9.7278402155e-01
6.9876000000e+00	9.7278377370e-01
7.7225000000e+00	9.7278293363e-01
8.5347000000e+00	9.7278242463e-01
9.4323000000e+00	9.7278183403e-01
1.0424000000e+01	9.7278049473e-01
1.1521000000e+01	9.7278101859e-01
1.2732000000e+01	9.7278018747e-01
1.4071000000e+01	9.7277990853e-01
1.5551000000e+01	9.7277816862e-01
1.7187000000e+01	9.7277648727e-01
1.8994000000e+01	9.7277459202e-01
2.0992000000e+01	9.7277197231e-01
2.3200000000e+01	9.7276913895e-01
2.5640000000e+01	9.7276565459e-01
2.8336000000e+01	9.7276124269e-01
3.1316000000e+01	9.7275518258e-01
3.4610000000e+01	9.7274951373e-01
3.8250000000e+01	9.7274132023e-01
4.2273000000e+01	9.7273077965e-01
4.6718000000e+01	9.7271919590e-01
5.1632000000e+01	9.7270545556e-01
