5.8104000000e-06	9.7537534782e-01
6.4215000000e-06	9.7537545866e-01
7.0968000000e-06	9.7538585107e-01
7.8432000000e-06	9.7538599004e-01
8.6681000000e-06	9.7538616336e-01
9.5797000000e-06	9.7538641987e-01
1.0587000000e-05	9.7537567199e-01
1.1701000000e-05	9.7537685592e-01
1.2931000000e-05	9.7538748879e-01
1.4291000000e-05	9.7537699017e-01
1.5794000000e-05	9.7538872423e-01
1.7455000000e-05	9.7538040661e-01
1.9291000000e-05	9.7540292816e-01
2.1320000000e-05	9.7540235348e-01
2.3562000000e-05	9.7539408954e-01
2.6040000000e-05	9.7538486146e-01
2.8779000000e-05	9.7539808976e-01
3.1806000000e-05	9.7540075194e-01
3.5151000000e-05	9.7541419249e-01
3.8848000000e-05	9.7541715654e-01
4.2933000000e-05	9.7542279898e-01
4.7449000000e-05	9.7542887139e-01
5.2439000000e-05	9.7543609448e-01
5.7954000000e-05	9.7545494590e-01
6.4049000000e-05	9.7546669024e-01
7.0785000000e-05	9.7548729211e-01
7.8230000000e-05	9.7551702469e-01
8.6457000000e-05	9.7553728897e-01
9.5550000000e-05	9.7557143784e-01
1.0560000000e-04	9.7561927447e-01
1.1671000000e-04	9.7568964630e-01
1.2898000000e-04	9.7574404916e-01
1.4254000000e-04	9.7582780687e-01
1.5754000000e-04	9.7593681443e-01
1.7410000000e-04	9.7604680631e-01
1.9241000000e-04	9.7619851503e-01
2.1265000000e-04	9.7638853790e-01
2.3502000000e-04	9.7660954745e-01
2.5973000000e-04	9.7688403101e-01
2.8705000000e-04	9.7719592603e-01
3.1724000000e-04	9.7760981074e-01
3.5060000000e-04	9.7810548535e-01
3.8747000000e-04	9.7870864234e-01
4.2823000000e-04	9.7945079270e-01
4.7326000000e-04	9.8035850901e-01
5.2304000000e-04	9.8145867526e-01
5.7804000000e-04	9.8283069432e-01
6.3884000000e-04	9.8450882792e-01
7.0603000000e-04	9.8655349413e-01
7.8028000000e-04	9.8907254510e-01
8.6234000000e-04	9.9216535699e-01
9.5303000000e-04	9.9598752637e-01
1.0533000000e-03	1.0006856431e+00
1.1640000000e-03	1.0065186363e+00
1.2865000000e-03	1.0137000591e+00
1.4218000000e-03	1.0226264789e+00
1.5713000000e-03	1.0336936960e+00
1.7365000000e-03	1.0474681156e+00
1.9192000000e-03	1.0646103053e+00
2.1210000000e-03	1.0859143463e+00
2.3441000000e-03	1.1123503142e+00
2.5906000000e-03	1.1448648407e+00
2.8631000000e-03	1.1843373588e+00
3.1642000000e-03	1.2310463579e+00
3.4970000000e-03	1.2842061946e+00
3.8647000000e-03	1.3409837408e+00
4.2712000000e-03	1.3960904566e+00
4.7204000000e-03	1.4421037548e+00
5.2169000000e-03	1.4721559426e+00
5.7655000000e-03	1.4837725958e+00
6.3719000000e-03	1.4817043329e+00
7.0420000000e-03	1.4769571692e+00
7.7826000000e-03	1.4812839943e+00
8.6011000000e-03	1.4977670274e+00
9.5057000000e-03	1.5144967306e+00
1.0505000000e-02	1.5186319916e+00
1.1610000000e-02	1.5280067053e+00
1.2831000000e-02	1.5842733395e+00
1.4181000000e-02	1.6777959704e+00
1.5672000000e-02	1.7457511102e+00
1.7321000000e-02	1.7831774347e+00
1.9142000000e-02	1.7450823749e+00
2.1155000000e-02	1.6805039555e+00
2.3380000000e-02	1.7536309401e+00
2.5839000000e-02	1.9092031754e+00
2.8557000000e-02	1.8800764490e+00
3.1560000000e-02	1.7411573505e+00
3.4879000000e-02	1.9383550836e+00
3.8548000000e-02	1.9558294500e+00
4.2602000000e-02	1.7627041435e+00
4.7082000000e-02	2.1042613532e+00
5.2034000000e-02	1.7287181565e+00
5.7506000000e-02	2.1297913775e+00
6.3554000000e-02	1.8653662771e+00
7.0238000000e-02	1.7559052920e+00
7.7625000000e-02	2.1922659286e+00
8.5789000000e-02	2.2849964863e+00
9.4812000000e-02	2.1617886341e+00
1.0478000000e-01	2.2056935787e+00
1.1580000000e-01	2.4179812599e+00
1.2798000000e-01	2.1786615470e+00
1.4144000000e-01	1.4280074346e+00
1.5632000000e-01	2.5852105390e+00
1.7276000000e-01	1.8129817105e+00
1.9093000000e-01	1.1726409283e+00
2.1101000000e-01	1.2284326689e+00
2.3320000000e-01	2.3204381932e+00
2.5773000000e-01	1.7686874423e+00
2.8483000000e-01	3.2807138258e+00
3.1479000000e-01	3.2696286946e+00
3.4789000000e-01	8.5011377121e-01
3.8448000000e-01	3.4266937519e+00
4.2492000000e-01	2.9511495379e+00
4.6961000000e-01	1.1399904927e+00
5.1900000000e-01	7.6644105718e-01
5.7358000000e-01	3.0866050265e+00
6.3390000000e-01	1.6727815749e+00
7.0057000000e-01	4.6926845075e+00
7.7425000000e-01	-9.0396884730e-01
8.5568000000e-01	1.1332282010e-01
9.4567000000e-01	1.9160734067e+00
1.0451000000e+00	3.0419322735e+00
1.1550000000e+00	5.0030789294e+00
1.2765000000e+00	4.2828641842e+00
1.4108000000e+00	6.9207641880e-01
1.5591000000e+00	-7.8111842339e-01
1.7231000000e+00	1.8124735781e+00
1.9043000000e+00	-5.5346192607e+00
2.1046000000e+00	3.6073486903e+00
2.3260000000e+00	1.0219974629e+01
2.5706000000e+00	8.1085701745e+00
2.8410000000e+00	1.0384261543e+01
3.1397000000e+00	-9.3562050332e-01
3.4700000000e+00	-7.6186356686e+00
3.8349000000e+00	-1.3127129297e+01
4.2382000000e+00	3.9967390955e+00
4.6839000000e+00	3.2911857009e+00
5.1766000000e+00	3.6965851491e+01
5.7210000000e+00	3.4523949265e+01
6.3227000000e+00	4.4687634742e-01
6.9876000000e+00	2.1758869529e+01
7.7225000000e+00	2.5313472672e+01
8.5347000000e+00	2.6649430949e+01
9.4323000000e+00	-5.9721144726e+00
1.0424000000e+01	4.2001091759e+01
1.1521000000e+01	-2.8040793749e+01
1.2732000000e+01	6.1394053193e+01
1.4071000000e+01	-6.7420655844e+00
1.5551000000e+01	2.1054156577e+01
1.7187000000e+01	2.0780214139e+01
1.8994000000e+01	5.8308959234e+00
2.0992000000e+01	2.1173235143e+02
2.3200000000e+01	6.6140083725e+01
2.5640000000e+01	-9.1689578934e+01
2.8336000000e+01	2.9643372348e+01
3.1316000000e+01	-7.7621544392e+01
3.4610000000e+01	3.6407678624e+01
3.8250000000e+01	2.7996288384e+01
4.2273000000e+01	3.6524700206e+02
4.6718000000e+01	-7.1083124262e+00
5.1632000000e+01	2.4882454722e+02
