5.8104000000e-06	8.7776969161e-01
6.4215000000e-06	8.7776969028e-01
7.0968000000e-06	8.7776965643e-01
7.8432000000e-06	8.7776965452e-01
8.6681000000e-06	8.7776965218e-01
9.5797000000e-06	8.7776964918e-01
1.0587000000e-05	8.7776968026e-01
1.1701000000e-05	8.7776967778e-01
1.2931000000e-05	8.7776963835e-01
1.4291000000e-05	8.7776966444e-01
1.5794000000e-05	8.7776962615e-01
1.7455000000e-05	8.7776702088e-01
1.9291000000e-05	8.7776956988e-01
2.1320000000e-05	8.7777197903e-01
2.3562000000e-05	8.7776956908e-01
2.6040000000e-05	8.7776958230e-01
2.8779000000e-05	8.7776952615e-01
3.1806000000e-05	8.7776950687e-01
3.5151000000e-05	8.7776942959e-01
3.8848000000e-05	8.7776939160e-01
4.2933000000e-05	8.7776932307e-01
4.7449000000e-05	8.7776925707e-01
5.2439000000e-05	8.7776919173e-01
5.7954000000e-05	8.7776904870e-01
6.4049000000e-05	8.7776891821e-01
7.0785000000e-05	8.7777116146e-01
7.8230000000e-05	8.7776869856e-01
8.6457000000e-05	8.7776566983e-01
9.5550000000e-05	8.7776536084e-01
1.0560000000e-04	8.7776756475e-01
1.1671000000e-04	8.7776705199e-01
1.2898000000e-04	8.7776388969e-01
1.4254000000e-04	8.7776578208e-01
1.5754000000e-04	8.7776231229e-01
1.7410000000e-04	8.7776391529e-01
1.9241000000e-04	8.7776018836e-01
2.1265000000e-04	8.7776344491e-01
2.3502000000e-04	8.7775929028e-01
2.5973000000e-04	8.7775678712e-01
2.8705000000e-04	8.7775400202e-01
3.1724000000e-04	8.7775312561e-01
3.5060000000e-04	8.7774889421e-01
3.8747000000e-04	8.7773872670e-01
4.2823000000e-04	8.7773490623e-01
4.7326000000e-04	8.7772989572e-01
5.2304000000e-04	8.7771546219e-01
5.7804000000e-04	8.7770664682e-01
6.3884000000e-04	8.7769563772e-01
7.0603000000e-04	8.7767917675e-01
7.8028000000e-04	8.7765682055e-01
8.6234000000e-04	8.7763284786e-01
9.5303000000e-04	8.7760659704e-01
1.0533000000e-03	8.7756946622e-01
1.1640000000e-03	8.7753069368e-01
1.2865000000e-03	8.7748189149e-01
1.4218000000e-03	8.7742699503e-01
1.5713000000e-03	8.7735984817e-01
1.7365000000e-03	8.7728213302e-01
1.9192000000e-03	8.7719324468e-01
2.1210000000e-03	8.7709827547e-01
2.3441000000e-03	8.7698733411e-01
2.5906000000e-03	8.7686716773e-01
2.8631000000e-03	8.7674521111e-01
3.1642000000e-03	8.7661965974e-01
3.4970000000e-03	8.7649245976e-01
3.8647000000e-03	8.7637204606e-01
4.2712000000e-03	8.7625828407e-01
4.7204000000e-03	8.7615402728e-01
5.2169000000e-03	8.7605239595e-01
5.7655000000e-03	8.7594953801e-01
6.3719000000e-03	8.7583957843e-01
7.0420000000e-03	8.7571952052e-01
7.7826000000e-03	8.7560312408e-01
8.6011000000e-03	8.7549620257e-01
9.5057000000e-03	8.7541307929e-01
1.0505000000e-02	8.7535624521e-01
1.1610000000e-02	8.7532736960e-01
1.2831000000e-02	8.7535098697e-01
1.4181000000e-02	8.7543984140e-01
1.5672000000e-02	8.7558778902e-01
1.7321000000e-02	8.7580852861e-01
1.9142000000e-02	8.7611344603e-01
2.1155000000e-02	8.7652281885e-01
2.3380000000e-02	8.7703735686e-01
2.5839000000e-02	8.7765723898e-01
2.8557000000e-02	8.7834527554e-01
3.1560000000e-02	8.7908249087e-01
3.4879000000e-02	8.7976699219e-01
3.8548000000e-02	8.8027930955e-01
4.2602000000e-02	8.8045510597e-01
4.7082000000e-02	8.8014040581e-01
5.2034000000e-02	8.7928048600e-01
5.7506000000e-02	8.7802123460e-01
6.3554000000e-02	8.7674421039e-01
7.0238000000e-02	8.7597690306e-01
7.7625000000e-02	8.7617276633e-01
8.5789000000e-02	8.7741191118e-01
9.4812000000e-02	8.7904670012e-01
1.0478000000e-01	8.7966718044e-01
1.1580000000e-01	8.7837507621e-01
1.2798000000e-01	8.7654954182e-01
1.4144000000e-01	8.7656605695e-01
1.5632000000e-01	8.7840806224e-01
1.7276000000e-01	8.7873537982e-01
1.9093000000e-01	8.7698783932e-01
2.1101000000e-01	8.7732330010e-01
2.3320000000e-01	8.7836916451e-01
2.5773000000e-01	8.7723180432e-01
2.8483000000e-01	8.7780053048e-01
3.1479000000e-01	8.7762129561e-01
3.4789000000e-01	8.7765984116e-01
3.8448000000e-01	8.7758626869e-01
4.2492000000e-01	8.7769760764e-01
4.6961000000e-01	8.7759563975e-01
5.1900000000e-01	8.7761821267e-01
5.7358000000e-01	8.7763066586e-01
6.3390000000e-01	8.7762446260e-01
7.0057000000e-01	8.7761975873e-01
7.7425000000e-01	8.7761836615e-01
8.5568000000e-01	8.7761345516e-01
9.4567000000e-01	8.7761205458e-01
1.0451000000e+00	8.7761858801e-01
1.1550000000e+00	8.7761359919e-01
1.2765000000e+00	8.7761270282e-01
1.4108000000e+00	8.7761149755e-01
1.5591000000e+00	8.7761082266e-01
1.7231000000e+00	8.7761144843e-01
1.9043000000e+00	8.7760913792e-01
2.1046000000e+00	8.7760892167e-01
2.3260000000e+00	8.7760974256e-01
2.5706000000e+00	8.7760759988e-01
2.8410000000e+00	8.7760702318e-01
3.1397000000e+00	8.7760833608e-01
3.4700000000e+00	8.7760928550e-01
3.8349000000e+00	8.7760979084e-01
4.2382000000e+00	8.7761092785e-01
4.6839000000e+00	8.7760753483e-01
5.1766000000e+00	8.7760666985e-01
5.7210000000e+00	8.7760720668e-01
6.3227000000e+00	8.7760689536e-01
6.9876000000e+00	8.7760758979e-01
7.7225000000e+00	8.7761002299e-01
8.5347000000e+00	8.7761144378e-01
9.4323000000e+00	8.7761317299e-01
1.0424000000e+01	8.7761692692e-01
1.1521000000e+01	8.7761535340e-01
1.2732000000e+01	8.7761766546e-01
1.4071000000e+01	8.7761822412e-01
1.5551000000e+01	8.7762316247e-01
1.7187000000e+01	8.7762789628e-01
1.8994000000e+01	8.7763313769e-01
2.0992000000e+01	8.7764047073e-01
2.3200000000e+01	8.7764835575e-01
2.5640000000e+01	8.7765802596e-01
2.8336000000e+01	8.7767035217e-01
3.1316000000e+01	8.7768731523e-01
3.4610000000e+01	8.7770295695e-01
3.8250000000e+01	8.7772573957e-01
4.2273000000e+01	8.7775510717e-01
4.6718000000e+01	8.7778736572e-01
5.1632000000e+01	8.7782543896e-01
