5.8104000000e-06	4.6731322405e-02
6.4215000000e-06	5.1452998779e-02
7.0968000000e-06	5.6650037785e-02
7.8432000000e-06	6.2374504157e-02
8.6681000000e-06	6.8675112786e-02
9.5797000000e-06	7.5612333515e-02
1.0587000000e-05	8.3251669954e-02
1.1701000000e-05	9.1662000957e-02
1.2931000000e-05	1.0092059518e-01
1.4291000000e-05	1.1111645847e-01
1.5794000000e-05	1.2234200221e-01
1.7455000000e-05	1.3470124686e-01
1.9291000000e-05	1.4830806047e-01
2.1320000000e-05	1.6329116766e-01
2.3562000000e-05	1.7977983392e-01
2.6040000000e-05	1.9795435696e-01
2.8779000000e-05	2.1794300702e-01
3.1806000000e-05	2.3996411709e-01
3.5151000000e-05	2.6420249365e-01
3.8848000000e-05	2.9089326467e-01
4.2933000000e-05	3.2027162128e-01
4.7449000000e-05	3.5262299445e-01
5.2439000000e-05	3.8825000233e-01
5.7954000000e-05	4.2747173188e-01
6.4049000000e-05	4.7064072645e-01
7.0785000000e-05	5.1817768780e-01
7.8230000000e-05	5.7051799812e-01
8.6457000000e-05	6.2813564431e-01
9.5550000000e-05	6.9156336038e-01
1.0560000000e-04	7.6140869741e-01
1.1671000000e-04	8.3827180705e-01
1.2898000000e-04	9.2290287227e-01
1.4254000000e-04	1.0160657959e+00
1.5754000000e-04	1.1186185586e+00
1.7410000000e-04	1.2314886261e+00
1.9241000000e-04	1.3557211063e+00
2.1265000000e-04	1.4924290057e+00
2.3502000000e-04	1.6428758987e+00
2.5973000000e-04	1.8083412745e+00
2.8705000000e-04	1.9904711764e+00
3.1724000000e-04	2.1909175856e+00
3.5060000000e-04	2.4112116051e+00
3.8747000000e-04	2.6533763571e+00
4.2823000000e-04	2.9195903263e+00
4.7326000000e-04	3.2120537830e+00
5.2304000000e-04	3.5334927068e+00
5.7804000000e-04	3.8860814257e+00
6.3884000000e-04	4.2732133531e+00
7.0603000000e-04	4.6976462414e+00
7.8028000000e-04	5.1625807679e+00
8.6234000000e-04	5.6717976962e+00
9.5303000000e-04	6.2287399927e+00
1.0533000000e-03	6.8372161072e+00
1.1640000000e-03	7.5011705332e+00
1.2865000000e-03	8.2245674417e+00
1.4218000000e-03	9.0111967090e+00
1.5713000000e-03	9.8652380495e+00
1.7365000000e-03	1.0789928629e+01
1.9192000000e-03	1.1789277322e+01
2.1210000000e-03	1.2865444745e+01
2.3441000000e-03	1.4020712814e+01
2.5906000000e-03	1.5256653769e+01
2.8631000000e-03	1.6573597828e+01
3.1642000000e-03	1.7969677370e+01
3.4970000000e-03	1.9444844281e+01
3.8647000000e-03	2.0991747323e+01
4.2712000000e-03	2.2607298636e+01
4.7204000000e-03	2.4282535217e+01
5.2169000000e-03	2.6007917123e+01
5.7655000000e-03	2.7773979777e+01
6.3719000000e-03	2.9561677115e+01
7.0420000000e-03	3.1354716353e+01
7.7826000000e-03	3.3120212541e+01
8.6011000000e-03	3.4824623845e+01
9.5057000000e-03	3.6430340455e+01
1.0505000000e-02	3.7900090485e+01
1.1610000000e-02	3.9191659881e+01
1.2831000000e-02	4.0248032168e+01
1.4181000000e-02	4.1007681085e+01
1.5672000000e-02	4.1420638623e+01
1.7321000000e-02	4.1433799602e+01
1.9142000000e-02	4.0996965228e+01
2.1155000000e-02	4.0082851780e+01
2.3380000000e-02	3.8685556032e+01
2.5839000000e-02	3.6821316404e+01
2.8557000000e-02	3.4552466553e+01
3.1560000000e-02	3.1981540849e+01
3.4879000000e-02	2.9257376494e+01
3.8548000000e-02	2.6565707778e+01
4.2602000000e-02	2.4080644034e+01
4.7082000000e-02	2.1939323727e+01
5.2034000000e-02	2.0205262243e+01
5.7506000000e-02	1.8819879847e+01
6.3554000000e-02	1.7582979802e+01
7.0238000000e-02	1.6203673152e+01
7.7625000000e-02	1.4441904422e+01
8.5789000000e-02	1.2321448674e+01
9.4812000000e-02	1.0215628529e+01
1.0478000000e-01	8.6043582770e+00
1.1580000000e-01	7.6485509090e+00
1.2798000000e-01	6.9735375201e+00
1.4144000000e-01	6.0160824475e+00
1.5632000000e-01	4.8259353529e+00
1.7276000000e-01	3.9968248810e+00
1.9093000000e-01	3.5520597446e+00
2.1101000000e-01	2.9622774344e+00
2.3320000000e-01	2.3744546288e+00
2.5773000000e-01	2.0422979119e+00
2.8483000000e-01	1.6610351427e+00
3.1479000000e-01	1.3704875649e+00
3.4789000000e-01	1.1247064105e+00
3.8448000000e-01	9.1943786694e-01
4.2492000000e-01	7.4624625161e-01
4.6961000000e-01	6.0751258699e-01
5.1900000000e-01	4.9094012137e-01
5.7358000000e-01	3.9579410388e-01
6.3390000000e-01	3.1836256803e-01
7.0057000000e-01	2.5537616545e-01
7.7425000000e-01	2.0431618258e-01
8.5568000000e-01	1.6306872297e-01
9.4567000000e-01	1.2983728293e-01
1.0451000000e+00	1.0314925289e-01
1.1550000000e+00	8.1771663879e-02
1.2765000000e+00	6.4695446612e-02
1.4108000000e+00	5.1085375694e-02
1.5591000000e+00	4.0264144855e-02
1.7231000000e+00	3.1677491307e-02
1.9043000000e+00	2.4880359400e-02
2.1046000000e+00	1.9511926218e-02
2.3260000000e+00	1.5276430249e-02
2.5706000000e+00	1.1943111885e-02
2.8410000000e+00	9.3238366702e-03
3.1397000000e+00	7.2691707567e-03
3.4700000000e+00	5.6598854659e-03
3.8349000000e+00	4.4012198792e-03
4.2382000000e+00	3.4184919222e-03
4.6839000000e+00	2.6520396515e-03
5.1766000000e+00	2.0551919367e-03
5.7210000000e+00	1.5909080782e-03
6.3227000000e+00	1.2302825717e-03
6.9876000000e+00	9.5045610078e-04
7.7225000000e+00	7.3356894599e-04
8.5347000000e+00	5.6567018693e-04
9.4323000000e+00	4.3579453692e-04
1.0424000000e+01	3.3546404594e-04
1.1521000000e+01	2.5800735482e-04
1.2732000000e+01	1.9828728488e-04
1.4071000000e+01	1.5226794607e-04
1.5551000000e+01	1.1684018558e-04
1.7187000000e+01	8.9591129698e-05
1.8994000000e+01	6.8648643049e-05
2.0992000000e+01	5.2566000708e-05
2.3200000000e+01	4.0222499132e-05
2.5640000000e+01	3.0759473607e-05
2.8336000000e+01	2.3506422440e-05
3.1316000000e+01	1.7951400050e-05
3.4610000000e+01	1.3702023793e-05
3.8250000000e+01	1.0451551902e-05
4.2273000000e+01	7.9673721432e-06
4.6718000000e+01	6.0698124266e-06
5.1632000000e+01	4.6213277230e-06
