5.8104000000e-06	9.9756849744e-01
6.4215000000e-06	9.9756849493e-01
7.0969000000e-06	9.9756849137e-01
7.8433000000e-06	9.9756848762e-01
8.6682000000e-06	9.9756705592e-01
9.5798000000e-06	9.9756837232e-01
1.0587000000e-05	9.9756840540e-01
1.1701000000e-05	9.9756994287e-01
1.2931000000e-05	9.9756993037e-01
1.4291000000e-05	9.9756844168e-01
1.5794000000e-05	9.9756842566e-01
1.7456000000e-05	9.9756840662e-01
1.9291000000e-05	9.9756827795e-01
2.1320000000e-05	9.9756825033e-01
2.3563000000e-05	9.9756821259e-01
2.6041000000e-05	9.9756816036e-01
2.8779000000e-05	9.9756811021e-01
3.1806000000e-05	9.9756793999e-01
3.5151000000e-05	9.9756796699e-01
3.8848000000e-05	9.9756788197e-01
4.2934000000e-05	9.9756913854e-01
4.7449000000e-05	9.9756751333e-01
5.2439000000e-05	9.9756722499e-01
5.7954000000e-05	9.9756560186e-01
6.4050000000e-05	9.9756664175e-01
7.0786000000e-05	9.9756491591e-01
7.8230000000e-05	9.9756571467e-01
8.6458000000e-05	9.9756662275e-01
9.5551000000e-05	9.9756594738e-01
1.0560000000e-04	9.9756358575e-01
1.1671000000e-04	9.9756257952e-01
1.2898000000e-04	9.9756291547e-01
1.4254000000e-04	9.9755965041e-01
1.5754000000e-04	9.9755778098e-01
1.7410000000e-04	9.9755543310e-01
1.9242000000e-04	9.9755249783e-01
2.1265000000e-04	9.9754890773e-01
2.3502000000e-04	9.9754327047e-01
2.5973000000e-04	9.9753795571e-01
2.8705000000e-04	9.9753308228e-01
3.1724000000e-04	9.9752374519e-01
3.5060000000e-04	9.9751418329e-01
3.8748000000e-04	9.9750410091e-01
4.2823000000e-04	9.9748997898e-01
4.7327000000e-04	9.9747132022e-01
5.2304000000e-04	9.9745181814e-01
5.7805000000e-04	9.9742636230e-01
6.3884000000e-04	9.9739399655e-01
7.0603000000e-04	9.9735819149e-01
7.8028000000e-04	9.9731267540e-01
8.6235000000e-04	9.9725828763e-01
9.5304000000e-04	9.9719090816e-01
1.0533000000e-03	9.9711193859e-01
1.1640000000e-03	9.9701773300e-01
1.2865000000e-03	9.9690543350e-01
1.4218000000e-03	9.9677244726e-01
1.5713000000e-03	9.9661514708e-01
1.7366000000e-03	9.9643363400e-01
1.9192000000e-03	9.9622354018e-01
2.1210000000e-03	9.9598474881e-01
2.3441000000e-03	9.9571965466e-01
2.5906000000e-03	9.9542961989e-01
2.8631000000e-03	9.9511673351e-01
3.1642000000e-03	9.9479311335e-01
3.4970000000e-03	9.9447087831e-01
3.8648000000e-03	9.9416105196e-01
4.2712000000e-03	9.9387767034e-01
4.7204000000e-03	9.9362845827e-01
5.2169000000e-03	9.9340920133e-01
5.7656000000e-03	9.9321082359e-01
6.3719000000e-03	9.9300822337e-01
7.0421000000e-03	9.9278116199e-01
7.7827000000e-03	9.9251670844e-01
8.6012000000e-03	9.9222587402e-01
9.5058000000e-03	9.9192819968e-01
1.0506000000e-02	9.9161974086e-01
1.1610000000e-02	9.9128264532e-01
1.2831000000e-02	9.9091073011e-01
1.4181000000e-02	9.9052962165e-01
1.5672000000e-02	9.9013275209e-01
1.7321000000e-02	9.8970457393e-01
1.9142000000e-02	9.8923224841e-01
2.1156000000e-02	9.8869599187e-01
2.3380000000e-02	9.8809384196e-01
2.5839000000e-02	9.8745087377e-01
2.8557000000e-02	9.8677029106e-01
3.1560000000e-02	9.8607533322e-01
3.4880000000e-02	9.8542983565e-01
3.8548000000e-02	9.8493187315e-01
4.2602000000e-02	9.8468252582e-01
4.7083000000e-02	9.8480458657e-01
5.2034000000e-02	9.8532996930e-01
5.7507000000e-02	9.8616625715e-01
6.3555000000e-02	9.8703403452e-01
7.0239000000e-02	9.8755092442e-01
7.7626000000e-02	9.8737935693e-01
8.5790000000e-02	9.8645291640e-01
9.4813000000e-02	9.8524190205e-01
1.0478000000e-01	9.8475842760e-01
1.1580000000e-01	9.8565710475e-01
1.2798000000e-01	9.8696278434e-01
1.4144000000e-01	9.8694516184e-01
1.5632000000e-01	9.8560534734e-01
1.7276000000e-01	9.8534906947e-01
1.9093000000e-01	9.8659776257e-01
2.1101000000e-01	9.8636091067e-01
2.3320000000e-01	9.8559489083e-01
2.5773000000e-01	9.8640839638e-01
2.8483000000e-01	9.8599815524e-01
3.1479000000e-01	9.8612088516e-01
3.4790000000e-01	9.8609360838e-01
3.8448000000e-01	9.8614148162e-01
4.2492000000e-01	9.8606103712e-01
4.6961000000e-01	9.8613407562e-01
5.1900000000e-01	9.8611641096e-01
5.7358000000e-01	9.8610656174e-01
6.3391000000e-01	9.8610879775e-01
7.0058000000e-01	9.8611026001e-01
7.7426000000e-01	9.8611234261e-01
8.5568000000e-01	9.8611487094e-01
9.4568000000e-01	9.8611528070e-01
1.0451000000e+00	9.8611428379e-01
1.1551000000e+00	9.8611458445e-01
1.2765000000e+00	9.8611518683e-01
1.4108000000e+00	9.8611546914e-01
1.5592000000e+00	9.8611578365e-01
1.7231000000e+00	9.8611673622e-01
1.9044000000e+00	9.8611685487e-01
2.1046000000e+00	9.8611689434e-01
2.3260000000e+00	9.8611764234e-01
2.5706000000e+00	9.8611615794e-01
2.8410000000e+00	9.8611640607e-01
3.1398000000e+00	9.8611737932e-01
3.4700000000e+00	9.8611928479e-01
3.8349000000e+00	9.8611852494e-01
4.2382000000e+00	9.8611836620e-01
4.6840000000e+00	9.8611763318e-01
5.1766000000e+00	9.8611766640e-01
5.7210000000e+00	9.8611778525e-01
6.3227000000e+00	9.8611729487e-01
6.9877000000e+00	9.8611735166e-01
7.7226000000e+00	9.8611708957e-01
8.5348000000e+00	9.8611637473e-01
9.4324000000e+00	9.8611554768e-01
1.0424000000e+01	9.8611537053e-01
1.1521000000e+01	9.8611296955e-01
1.2732000000e+01	9.8611356193e-01
1.4071000000e+01	9.8611046198e-01
1.5551000000e+01	9.8610770447e-01
1.7187000000e+01	9.8610520350e-01
1.8994000000e+01	9.8610151561e-01
2.0992000000e+01	9.8609754828e-01
2.3200000000e+01	9.8609196867e-01
2.5640000000e+01	9.8608595641e-01
2.8336000000e+01	9.8607793802e-01
3.1317000000e+01	9.8606870321e-01
3.4610000000e+01	9.8605878675e-01
3.8250000000e+01	9.8604462557e-01
4.2273000000e+01	9.8602487754e-01
4.6719000000e+01	9.8600451725e-01
5.1632000000e+01	9.8597988627e-01
