5.8104000000e-06	9.2883045763e-01
6.4215000000e-06	9.2883010577e-01
7.0969000000e-06	9.2882963561e-01
7.8433000000e-06	9.2882911039e-01
8.6682000000e-06	9.2882682599e-01
9.5798000000e-06	9.2881903689e-01
1.0587000000e-05	9.2881853631e-01
1.1701000000e-05	9.2881907347e-01
1.2931000000e-05	9.2881755260e-01
1.4291000000e-05	9.2882716558e-01
1.5794000000e-05	9.2882496318e-01
1.7456000000e-05	9.2882436154e-01
1.9291000000e-05	9.2881246370e-01
2.1320000000e-05	9.2881053808e-01
2.3563000000e-05	9.2880772008e-01
2.6041000000e-05	9.2880522629e-01
2.8779000000e-05	9.2880061495e-01
3.1806000000e-05	9.2879552245e-01
3.5151000000e-05	9.2878879607e-01
3.8848000000e-05	9.2878021766e-01
4.2934000000e-05	9.2875454906e-01
4.7449000000e-05	9.2875232727e-01
5.2439000000e-05	9.2874018081e-01
5.7954000000e-05	9.2871135561e-01
6.4050000000e-05	9.2868494229e-01
7.0786000000e-05	9.2865813211e-01
7.8230000000e-05	9.2862051280e-01
8.6458000000e-05	9.2856620341e-01
9.5551000000e-05	9.2851140404e-01
1.0560000000e-04	9.2843765142e-01
1.1671000000e-04	9.2837264116e-01
1.2898000000e-04	9.2826359828e-01
1.4254000000e-04	9.2812589660e-01
1.5754000000e-04	9.2797523664e-01
1.7410000000e-04	9.2779124248e-01
1.9242000000e-04	9.2755445013e-01
2.1265000000e-04	9.2727645043e-01
2.3502000000e-04	9.2693002577e-01
2.5973000000e-04	9.2651789489e-01
2.8705000000e-04	9.2600319080e-01
3.1724000000e-04	9.2538046758e-01
3.5060000000e-04	9.2461205132e-01
3.8748000000e-04	9.2367257063e-01
4.2823000000e-04	9.2253241736e-01
4.7327000000e-04	9.2113628913e-01
5.2304000000e-04	9.1943668526e-01
5.7805000000e-04	9.1735097910e-01
6.3884000000e-04	9.1481108556e-01
7.0603000000e-04	9.1171520303e-01
7.8028000000e-04	9.0791525293e-01
8.6235000000e-04	9.0332343136e-01
9.5304000000e-04	8.9768443504e-01
1.0533000000e-03	8.9079694854e-01
1.1640000000e-03	8.8243496222e-01
1.2865000000e-03	8.7221627470e-01
1.4218000000e-03	8.5977105903e-01
1.5713000000e-03	8.4464726223e-01
1.7366000000e-03	8.2625355913e-01
1.9192000000e-03	8.0397902925e-01
2.1210000000e-03	7.7704638079e-01
2.3441000000e-03	7.4463819104e-01
2.5906000000e-03	7.0598053688e-01
2.8631000000e-03	6.6034311576e-01
3.1642000000e-03	6.0766851439e-01
3.4970000000e-03	5.4896914708e-01
3.8648000000e-03	4.8820327355e-01
4.2712000000e-03	4.3518145315e-01
4.7204000000e-03	4.1062983581e-01
5.2169000000e-03	4.5266215622e-01
5.7656000000e-03	6.1257886559e-01
6.3719000000e-03	9.1049081702e-01
7.0421000000e-03	1.2568393527e+00
7.7827000000e-03	1.4824005320e+00
8.6012000000e-03	1.5220438416e+00
9.5058000000e-03	1.5027707383e+00
1.0506000000e-02	1.7439717030e+00
1.1610000000e-02	2.6971720667e+00
1.2831000000e-02	3.9870866181e+00
1.4181000000e-02	4.2814713165e+00
1.5672000000e-02	4.0529613374e+00
1.7321000000e-02	4.2100087435e+00
1.9142000000e-02	3.8624272940e+00
2.1156000000e-02	2.5303884185e+00
2.3380000000e-02	1.3801107964e+00
2.5839000000e-02	-1.8105751115e-01
2.8557000000e-02	-2.2806567693e+00
3.1560000000e-02	-2.3398203133e+00
3.4880000000e-02	3.8101295184e+00
3.8548000000e-02	9.2272434318e+00
4.2602000000e-02	6.3371937059e+00
4.7083000000e-02	5.0152012117e-01
5.2034000000e-02	-6.4829914558e+00
5.7507000000e-02	1.7573665607e+00
6.3555000000e-02	1.3201502264e+01
7.0239000000e-02	-6.2557302346e-01
7.7626000000e-02	-1.3345907985e+01
8.5790000000e-02	1.8703462226e+01
9.4813000000e-02	-4.6877981333e+00
1.0478000000e-01	8.5659370907e+00
1.1580000000e-01	7.2739924829e-01
1.2798000000e-01	1.3118311855e+01
1.4144000000e-01	-1.0258714513e+01
1.5632000000e-01	3.0028670593e+01
1.7276000000e-01	-7.9474964122e+00
1.9093000000e-01	-3.4589452577e+01
2.1101000000e-01	-1.6051889273e+01
2.3320000000e-01	-1.1940773029e+01
2.5773000000e-01	-2.5164494702e+01
2.8483000000e-01	-6.8125213687e+01
3.1479000000e-01	6.9538027616e+01
3.4790000000e-01	-7.5678318188e+00
3.8448000000e-01	8.9802538221e+01
4.2492000000e-01	-1.0291211008e+02
4.6961000000e-01	-9.1668009094e+01
5.1900000000e-01	-9.3743340606e+01
5.7358000000e-01	9.7297355645e+01
6.3391000000e-01	-1.6318838503e+02
7.0058000000e-01	-1.2827417200e+02
7.7426000000e-01	-8.2417579558e+01
8.5568000000e-01	1.5635049155e+01
9.4568000000e-01	1.0372447999e+02
1.0451000000e+00	-1.3595451041e+02
1.1551000000e+00	6.7290724317e+01
1.2765000000e+00	-1.2725180880e+02
1.4108000000e+00	3.8681681967e+01
1.5592000000e+00	-4.0913486145e+02
1.7231000000e+00	-2.6352427564e+02
1.9044000000e+00	-3.9873613192e+02
2.1046000000e+00	9.1692156044e+01
2.3260000000e+00	2.3631507200e+02
2.5706000000e+00	-1.7329638647e+02
2.8410000000e+00	5.5776646996e+02
3.1398000000e+00	5.3100011828e+02
3.4700000000e+00	1.3587977336e+02
3.8349000000e+00	1.0273195357e+03
4.2382000000e+00	-4.5171230251e+02
4.6840000000e+00	-9.5581304904e+02
5.1766000000e+00	1.1599524440e+03
5.7210000000e+00	-1.2222320225e+03
6.3227000000e+00	-7.3286016087e+02
6.9877000000e+00	1.0758936848e+02
7.7226000000e+00	1.8634730300e+03
8.5348000000e+00	1.2132095498e+03
9.4324000000e+00	1.7093703665e+03
1.0424000000e+01	-9.1985992512e+02
1.1521000000e+01	1.1208682124e+03
1.2732000000e+01	-3.0091790086e+03
1.4071000000e+01	-1.4354078357e+02
1.5551000000e+01	-7.4427117098e+01
1.7187000000e+01	2.6696035176e+03
1.8994000000e+01	2.4926174355e+03
2.0992000000e+01	2.2338367770e+02
2.3200000000e+01	-1.7147965868e+04
2.5640000000e+01	1.1736505898e+02
2.8336000000e+01	2.3140574686e+03
3.1317000000e+01	-4.9116782984e+03
3.4610000000e+01	1.7303053052e+04
3.8250000000e+01	1.8571422691e+03
4.2273000000e+01	2.6228935670e+04
4.6719000000e+01	5.8233107507e+03
5.1632000000e+01	-1.0929701681e+04
