5.8104000000e-06	4.7009307120e+01
6.4215000000e-06	4.7009307341e+01
7.0968000000e-06	4.7009412017e+01
7.8432000000e-06	4.7009412079e+01
8.6681000000e-06	4.7009412189e+01
9.5797000000e-06	4.7009412781e+01
1.0587000000e-05	4.7009300913e+01
1.1701000000e-05	4.7009370522e+01
1.2931000000e-05	4.7009468014e+01
1.4291000000e-05	4.7009353443e+01
1.5794000000e-05	4.7009527960e+01
1.7455000000e-05	4.7010206613e+01
1.9291000000e-05	4.7014708583e+01
2.1320000000e-05	4.7014030335e+01
2.3562000000e-05	4.7010094062e+01
2.6040000000e-05	4.7010039184e+01
2.8779000000e-05	4.7010273969e+01
3.1806000000e-05	4.7010382916e+01
3.5151000000e-05	4.7010570617e+01
3.8848000000e-05	4.7010647109e+01
4.2933000000e-05	4.7010870195e+01
4.7449000000e-05	4.7011495221e+01
5.2439000000e-05	4.7011767996e+01
5.7954000000e-05	4.7012164922e+01
6.4049000000e-05	4.7013008118e+01
7.0785000000e-05	4.7012758846e+01
7.8230000000e-05	4.7014646228e+01
8.6457000000e-05	4.7011578855e+01
9.5550000000e-05	4.7012910051e+01
1.0560000000e-04	4.7013806890e+01
1.1671000000e-04	4.7020971224e+01
1.2898000000e-04	4.7019211046e+01
1.4254000000e-04	4.7021514184e+01
1.5754000000e-04	4.7026203634e+01
1.7410000000e-04	4.7029917200e+01
1.9241000000e-04	4.7031423642e+01
2.1265000000e-04	4.7041538935e+01
2.3502000000e-04	4.7045748965e+01
2.5973000000e-04	4.7056065152e+01
2.8705000000e-04	4.7063491085e+01
3.1724000000e-04	4.7077931814e+01
3.5060000000e-04	4.7091671237e+01
3.8747000000e-04	4.7106045881e+01
4.2823000000e-04	4.7128030746e+01
4.7326000000e-04	4.7156222561e+01
5.2304000000e-04	4.7184252289e+01
5.7804000000e-04	4.7224321278e+01
6.3884000000e-04	4.7275323471e+01
7.0603000000e-04	4.7330855287e+01
7.8028000000e-04	4.7403672755e+01
8.6234000000e-04	4.7491432916e+01
9.5303000000e-04	4.7597987951e+01
1.0533000000e-03	4.7726225181e+01
1.1640000000e-03	4.7889820248e+01
1.2865000000e-03	4.8078848406e+01
1.4218000000e-03	4.8316629930e+01
1.5713000000e-03	4.8601304162e+01
1.7365000000e-03	4.8951116929e+01
1.9192000000e-03	4.9376886597e+01
2.1210000000e-03	4.9893459114e+01
2.3441000000e-03	5.0521486662e+01
2.5906000000e-03	5.1281829319e+01
2.8631000000e-03	5.2197628918e+01
3.1642000000e-03	5.3298761126e+01
3.4970000000e-03	5.4602698606e+01
3.8647000000e-03	5.6130768959e+01
4.2712000000e-03	5.7902860154e+01
4.7204000000e-03	5.9900105579e+01
5.2169000000e-03	6.2055044522e+01
5.7655000000e-03	6.4286072194e+01
6.3719000000e-03	6.6399729332e+01
7.0420000000e-03	6.8187179007e+01
7.7826000000e-03	6.9452581927e+01
8.6011000000e-03	7.0138823858e+01
9.5057000000e-03	7.0336927182e+01
1.0505000000e-02	7.0342932400e+01
1.1610000000e-02	7.0457075011e+01
1.2831000000e-02	7.0816763627e+01
1.4181000000e-02	7.1253584900e+01
1.5672000000e-02	7.1438621296e+01
1.7321000000e-02	7.1298351607e+01
1.9142000000e-02	7.1126558119e+01
2.1155000000e-02	7.1076194241e+01
2.3380000000e-02	7.0890221214e+01
2.5839000000e-02	7.0519074268e+01
2.8557000000e-02	7.0207432372e+01
3.1560000000e-02	6.9814784626e+01
3.4879000000e-02	6.9448165421e+01
3.8548000000e-02	6.9143425257e+01
4.2602000000e-02	6.9006661499e+01
4.7082000000e-02	6.9079493732e+01
5.2034000000e-02	6.9433626001e+01
5.7506000000e-02	7.0004218746e+01
6.3554000000e-02	7.0615065936e+01
7.0238000000e-02	7.0991243178e+01
7.7625000000e-02	7.0885476251e+01
8.5789000000e-02	7.0248752386e+01
9.4812000000e-02	6.9403989506e+01
1.0478000000e-01	6.9038607965e+01
1.1580000000e-01	6.9585546954e+01
1.2798000000e-01	7.0453620739e+01
1.4144000000e-01	7.0443318538e+01
1.5632000000e-01	6.9530871957e+01
1.7276000000e-01	6.9345941292e+01
1.9093000000e-01	7.0191938258e+01
2.1101000000e-01	7.0064974509e+01
2.3320000000e-01	6.9556634704e+01
2.5773000000e-01	7.0083602680e+01
2.8483000000e-01	6.9799464173e+01
3.1479000000e-01	6.9867240216e+01
3.4789000000e-01	6.9861910537e+01
3.8448000000e-01	6.9901101239e+01
4.2492000000e-01	6.9840670370e+01
4.6961000000e-01	6.9878533369e+01
5.1900000000e-01	6.9880281323e+01
5.7358000000e-01	6.9866954162e+01
6.3390000000e-01	6.9868007827e+01
7.0057000000e-01	6.9866643499e+01
7.7425000000e-01	6.9863734726e+01
8.5568000000e-01	6.9866201388e+01
9.4567000000e-01	6.9861975484e+01
1.0451000000e+00	6.9881193489e+01
1.1550000000e+00	6.9872826638e+01
1.2765000000e+00	6.9872876010e+01
1.4108000000e+00	6.9873653773e+01
1.5591000000e+00	6.9873449230e+01
1.7231000000e+00	6.9873158668e+01
1.9043000000e+00	6.9867175590e+01
2.1046000000e+00	6.9869357142e+01
2.3260000000e+00	6.9871773727e+01
2.5706000000e+00	6.9873341174e+01
2.8410000000e+00	6.9868717911e+01
3.1397000000e+00	6.9870403718e+01
3.4700000000e+00	6.9861840243e+01
3.8349000000e+00	6.9877194718e+01
4.2382000000e+00	6.9880417641e+01
4.6839000000e+00	6.9869557290e+01
5.1766000000e+00	6.9869288063e+01
5.7210000000e+00	6.9869655557e+01
6.3227000000e+00	6.9868437225e+01
6.9876000000e+00	6.9868089790e+01
7.7225000000e+00	6.9870972561e+01
8.5347000000e+00	6.9869717605e+01
9.4323000000e+00	6.9873206601e+01
1.0424000000e+01	6.9869970243e+01
1.1521000000e+01	6.9870037767e+01
1.2732000000e+01	6.9868195967e+01
1.4071000000e+01	6.9858481717e+01
1.5551000000e+01	6.9860377332e+01
1.7187000000e+01	6.9861273099e+01
1.8994000000e+01	6.9857119103e+01
2.0992000000e+01	6.9855212100e+01
2.3200000000e+01	6.9853105625e+01
2.5640000000e+01	6.9847826701e+01
2.8336000000e+01	6.9845960712e+01
3.1316000000e+01	6.9841597515e+01
3.4610000000e+01	6.9831654419e+01
3.8250000000e+01	6.9820293662e+01
4.2273000000e+01	6.9806767592e+01
4.6718000000e+01	6.9797194168e+01
5.1632000000e+01	6.9775556036e+01
