5.8104000000e-06	6.6794879880e-03
6.4215000000e-06	7.3541353724e-03
7.0969000000e-06	8.0972079261e-03
7.8433000000e-06	8.9151879825e-03
8.6682000000e-06	9.8158771042e-03
9.5798000000e-06	1.0807331974e-02
1.0587000000e-05	1.1899781824e-02
1.1701000000e-05	1.3101786207e-02
1.2931000000e-05	1.4425195428e-02
1.4291000000e-05	1.5882008753e-02
1.5794000000e-05	1.7486274151e-02
1.7456000000e-05	1.9252840604e-02
1.9291000000e-05	2.1197811042e-02
2.1320000000e-05	2.3339398064e-02
2.3563000000e-05	2.5696585928e-02
2.6041000000e-05	2.8291950229e-02
2.8779000000e-05	3.1151414043e-02
3.1806000000e-05	3.4299041536e-02
3.5151000000e-05	3.7763500148e-02
3.8848000000e-05	4.1578548459e-02
4.2934000000e-05	4.5779263872e-02
4.7449000000e-05	5.0401788478e-02
5.2439000000e-05	5.5494253560e-02
5.7954000000e-05	6.1098791765e-02
6.4050000000e-05	6.7270744707e-02
7.0786000000e-05	7.4066440611e-02
7.8230000000e-05	8.1544559572e-02
8.6458000000e-05	8.9783111204e-02
9.5551000000e-05	9.8852026825e-02
1.0560000000e-04	1.0883495806e-01
1.1671000000e-04	1.1981721018e-01
1.2898000000e-04	1.3191850354e-01
1.4254000000e-04	1.4523810118e-01
1.5754000000e-04	1.5989813227e-01
1.7410000000e-04	1.7603116542e-01
1.9242000000e-04	1.9380002133e-01
2.1265000000e-04	2.1334575810e-01
2.3502000000e-04	2.3485847711e-01
2.5973000000e-04	2.5852245768e-01
2.8705000000e-04	2.8457393180e-01
3.1724000000e-04	3.1321941768e-01
3.5060000000e-04	3.4474094461e-01
3.8748000000e-04	3.7943283040e-01
4.2823000000e-04	4.1753787262e-01
4.7327000000e-04	4.5941432765e-01
5.2304000000e-04	5.0543393619e-01
5.7805000000e-04	5.5601402486e-01
6.3884000000e-04	6.1150047770e-01
7.0603000000e-04	6.7242611706e-01
7.8028000000e-04	7.3927291674e-01
8.6235000000e-04	8.1246653163e-01
9.5304000000e-04	8.9265016351e-01
1.0533000000e-03	9.8045927208e-01
1.1640000000e-03	1.0763833280e+00
1.2865000000e-03	1.1811578265e+00
1.4218000000e-03	1.2954480445e+00
1.5713000000e-03	1.4198936458e+00
1.7366000000e-03	1.5551758532e+00
1.9192000000e-03	1.7020467087e+00
2.1210000000e-03	1.8610332516e+00
2.3441000000e-03	2.0327136718e+00
2.5906000000e-03	2.2175877835e+00
2.8631000000e-03	2.4160498404e+00
3.1642000000e-03	2.6280120522e+00
3.4970000000e-03	2.8538080631e+00
3.8648000000e-03	3.0925172345e+00
4.2712000000e-03	3.3434457380e+00
4.7204000000e-03	3.6053454177e+00
5.2169000000e-03	3.8763996511e+00
5.7656000000e-03	4.1544530927e+00
6.3719000000e-03	4.4379346797e+00
7.0421000000e-03	4.7229265180e+00
7.7827000000e-03	5.0055087154e+00
8.6012000000e-03	5.2816473264e+00
9.5058000000e-03	5.5449369485e+00
1.0506000000e-02	5.7895121978e+00
1.1610000000e-02	6.0080926369e+00
1.2831000000e-02	6.1937187546e+00
1.4181000000e-02	6.3393722521e+00
1.5672000000e-02	6.4363054700e+00
1.7321000000e-02	6.4772867980e+00
1.9142000000e-02	6.4536071525e+00
2.1156000000e-02	6.3597156199e+00
2.3380000000e-02	6.1926695917e+00
2.5839000000e-02	5.9524073378e+00
2.8557000000e-02	5.6450910079e+00
3.1560000000e-02	5.2832290430e+00
3.4880000000e-02	4.8841672581e+00
3.8548000000e-02	4.4712929658e+00
4.2602000000e-02	4.0698780729e+00
4.7083000000e-02	3.7022560836e+00
5.2034000000e-02	3.3812993351e+00
5.7507000000e-02	3.1069397897e+00
6.3555000000e-02	2.8613473861e+00
7.0239000000e-02	2.6131255858e+00
7.7626000000e-02	2.3338935580e+00
8.5790000000e-02	2.0205544582e+00
9.4813000000e-02	1.7083833922e+00
1.0478000000e-01	1.4507832068e+00
1.1580000000e-01	1.2716959300e+00
1.2798000000e-01	1.1350675114e+00
1.4144000000e-01	9.7889013981e-01
1.5632000000e-01	8.0233978286e-01
1.7276000000e-01	6.6755773380e-01
1.9093000000e-01	5.8138557235e-01
2.1101000000e-01	4.8653770114e-01
2.3320000000e-01	3.9495140487e-01
2.5773000000e-01	3.3527350332e-01
2.8483000000e-01	2.7445727366e-01
3.1479000000e-01	2.2603699366e-01
3.4790000000e-01	1.8555825577e-01
3.8448000000e-01	1.5158478282e-01
4.2492000000e-01	1.2318917012e-01
4.6961000000e-01	1.0016826163e-01
5.1900000000e-01	8.0973197973e-02
5.7358000000e-01	6.5291745763e-02
6.3391000000e-01	5.2514561950e-02
7.0058000000e-01	4.2122241055e-02
7.7426000000e-01	3.3702383927e-02
8.5568000000e-01	2.6896883688e-02
9.4568000000e-01	2.1415759490e-02
1.0451000000e+00	1.7013060101e-02
1.1551000000e+00	1.3487309851e-02
1.2765000000e+00	1.0670488386e-02
1.4108000000e+00	8.4255181893e-03
1.5592000000e+00	6.6407548518e-03
1.7231000000e+00	5.2249338648e-03
1.9044000000e+00	4.1035742644e-03
2.1046000000e+00	3.2180180664e-03
2.3260000000e+00	2.5195711163e-03
2.5706000000e+00	1.9697684646e-03
2.8410000000e+00	1.5377119527e-03
3.1398000000e+00	1.1989002234e-03
3.4700000000e+00	9.3348619929e-04
3.8349000000e+00	7.2590674497e-04
4.2382000000e+00	5.6382044052e-04
4.6840000000e+00	4.3740728923e-04
5.1766000000e+00	3.3895294167e-04
5.7210000000e+00	2.6239141223e-04
6.3227000000e+00	2.0291099671e-04
6.9877000000e+00	1.5676196084e-04
7.7226000000e+00	1.2098922760e-04
8.5348000000e+00	9.3297612440e-05
9.4324000000e+00	7.1878647938e-05
1.0424000000e+01	5.5329620543e-05
1.1521000000e+01	4.2554205707e-05
1.2732000000e+01	3.2705466761e-05
1.4071000000e+01	2.5115806714e-05
1.5551000000e+01	1.9272666817e-05
1.7187000000e+01	1.4778508242e-05
1.8994000000e+01	1.1324176037e-05
2.0992000000e+01	8.6714216690e-06
2.3200000000e+01	6.6358357005e-06
2.5640000000e+01	5.0746801767e-06
2.8336000000e+01	3.8785562626e-06
3.1317000000e+01	2.9623988457e-06
3.4610000000e+01	2.2613353708e-06
3.8250000000e+01	1.7251885357e-06
4.2273000000e+01	1.3153328437e-06
4.6719000000e+01	1.0022785999e-06
5.1632000000e+01	7.6331621461e-07
