5.8104000000e-06	1.2374120698e+00
6.4215000000e-06	1.3624386818e+00
7.0968000000e-06	1.5000524637e+00
7.8432000000e-06	1.6516322211e+00
8.6681000000e-06	1.8184678060e+00
9.5797000000e-06	2.0021604136e+00
1.0587000000e-05	2.2044446710e+00
1.1701000000e-05	2.4271441635e+00
1.2931000000e-05	2.6723048639e+00
1.4291000000e-05	2.9422840843e+00
1.5794000000e-05	3.2395281009e+00
1.7455000000e-05	3.5667944842e+00
1.9291000000e-05	3.9271075544e+00
2.1320000000e-05	4.3238480866e+00
2.3562000000e-05	4.7604408307e+00
2.6040000000e-05	5.2416888992e+00
2.8779000000e-05	5.7709728593e+00
3.1806000000e-05	6.3540748157e+00
3.5151000000e-05	6.9958873372e+00
3.8848000000e-05	7.7026373147e+00
4.2933000000e-05	8.4805516625e+00
4.7449000000e-05	9.3371915783e+00
5.2439000000e-05	1.0280563220e+01
5.7954000000e-05	1.1319117397e+01
6.4049000000e-05	1.2462194465e+01
7.0785000000e-05	1.3720914320e+01
7.8230000000e-05	1.5106840792e+01
8.6457000000e-05	1.6632429517e+01
9.5550000000e-05	1.8311911667e+01
1.0560000000e-04	2.0161300966e+01
1.1671000000e-04	2.2196608128e+01
1.2898000000e-04	2.4437409128e+01
1.4254000000e-04	2.6904161179e+01
1.5754000000e-04	2.9619550251e+01
1.7410000000e-04	3.2608043010e+01
1.9241000000e-04	3.5897220360e+01
2.1265000000e-04	3.9516881308e+01
2.3502000000e-04	4.3499953996e+01
2.5973000000e-04	4.7880687899e+01
2.8705000000e-04	5.2702244138e+01
3.1724000000e-04	5.8008664624e+01
3.5060000000e-04	6.3840006250e+01
3.8747000000e-04	7.0249670370e+01
4.2823000000e-04	7.7295509118e+01
4.7326000000e-04	8.5035394671e+01
5.2304000000e-04	9.3540567433e+01
5.7804000000e-04	1.0286892154e+02
6.3884000000e-04	1.1310953175e+02
7.0603000000e-04	1.2433372861e+02
7.8028000000e-04	1.3662620258e+02
8.6234000000e-04	1.5008507674e+02
9.5303000000e-04	1.6479964630e+02
1.0533000000e-03	1.8086820684e+02
1.1640000000e-03	1.9839358618e+02
1.2865000000e-03	2.1747440620e+02
1.4218000000e-03	2.3820934214e+02
1.5713000000e-03	2.6070182506e+02
1.7365000000e-03	2.8503321251e+02
1.9192000000e-03	3.1130297745e+02
2.1210000000e-03	3.3956188942e+02
2.3441000000e-03	3.6986552781e+02
2.5906000000e-03	4.0225202909e+02
2.8631000000e-03	4.3672894431e+02
3.1642000000e-03	4.7325109937e+02
3.4970000000e-03	5.1181916166e+02
3.8647000000e-03	5.5224399747e+02
4.2712000000e-03	5.9444573164e+02
4.7204000000e-03	6.3816868449e+02
5.2169000000e-03	6.8311388623e+02
5.7655000000e-03	7.2898007465e+02
6.3719000000e-03	7.7519307451e+02
7.0420000000e-03	8.2130496954e+02
7.7826000000e-03	8.6650928760e+02
8.6011000000e-03	9.1005132346e+02
9.5057000000e-03	9.5100251700e+02
1.0505000000e-02	9.8832595035e+02
1.1610000000e-02	1.0208299349e+03
1.2831000000e-02	1.0471723783e+03
1.4181000000e-02	1.0659993680e+03
1.5672000000e-02	1.0759789925e+03
1.7321000000e-02	1.0756141268e+03
1.9142000000e-02	1.0636705748e+03
2.1155000000e-02	1.0393779363e+03
2.3380000000e-02	1.0025701004e+03
2.5839000000e-02	9.5372622582e+02
2.8557000000e-02	8.9444870676e+02
3.1560000000e-02	8.2757025792e+02
3.4879000000e-02	7.5689291961e+02
3.8548000000e-02	6.8704665907e+02
4.2602000000e-02	6.2257852099e+02
4.7082000000e-02	5.6708470932e+02
5.2034000000e-02	5.2219863523e+02
5.7506000000e-02	4.8629283765e+02
6.3554000000e-02	4.5428127346e+02
7.0238000000e-02	4.1860131461e+02
7.7625000000e-02	3.7304614444e+02
8.5789000000e-02	3.1824599334e+02
9.4812000000e-02	2.6383612044e+02
1.0478000000e-01	2.2220638938e+02
1.1580000000e-01	1.9751765165e+02
1.2798000000e-01	1.8008218751e+02
1.4144000000e-01	1.5535157330e+02
1.5632000000e-01	1.2461350359e+02
1.7276000000e-01	1.0320236590e+02
1.9093000000e-01	9.1717305453e+01
2.1101000000e-01	7.6487128884e+01
2.3320000000e-01	6.1308586416e+01
2.5773000000e-01	5.2731855506e+01
2.8483000000e-01	4.2887132033e+01
3.1479000000e-01	3.5385213560e+01
3.4789000000e-01	2.9039102222e+01
3.8448000000e-01	2.3739129892e+01
4.2492000000e-01	1.9267397741e+01
4.6961000000e-01	1.5685359750e+01
5.1900000000e-01	1.2675557946e+01
5.7358000000e-01	1.0218962584e+01
6.3390000000e-01	8.2197619357e+00
7.0057000000e-01	6.5934845178e+00
7.7425000000e-01	5.2751821822e+00
8.5568000000e-01	4.2102176054e+00
9.4567000000e-01	3.3522150269e+00
1.0451000000e+00	2.6631996773e+00
1.1550000000e+00	2.1112400856e+00
1.2765000000e+00	1.6703515811e+00
1.4108000000e+00	1.3189568687e+00
1.5591000000e+00	1.0395665359e+00
1.7231000000e+00	8.1787085543e-01
1.9043000000e+00	6.4237659678e-01
2.1046000000e+00	5.0377086134e-01
2.3260000000e+00	3.9441707613e-01
2.5706000000e+00	3.0835501753e-01
2.8410000000e+00	2.4072828049e-01
3.1397000000e+00	1.8767989965e-01
3.4700000000e+00	1.4612979061e-01
3.8349000000e+00	1.1363380166e-01
4.2382000000e+00	8.8261218963e-02
4.6839000000e+00	6.8471970492e-02
5.1766000000e+00	5.3062150713e-02
5.7210000000e+00	4.1075015364e-02
6.3227000000e+00	3.1764154683e-02
6.9876000000e+00	2.4539434259e-02
7.7225000000e+00	1.8939741038e-02
8.5347000000e+00	1.4604817260e-02
9.4323000000e+00	1.1251633391e-02
1.0424000000e+01	8.6612187267e-03
1.1521000000e+01	6.6613928152e-03
1.2732000000e+01	5.1195006462e-03
1.4071000000e+01	3.9313262311e-03
1.5551000000e+01	3.0166395755e-03
1.7187000000e+01	2.3131113588e-03
1.8994000000e+01	1.7724041562e-03
2.0992000000e+01	1.3571744080e-03
2.3200000000e+01	1.0384833070e-03
2.5640000000e+01	7.9416104585e-04
2.8336000000e+01	6.0689877250e-04
3.1316000000e+01	4.6347641284e-04
3.4610000000e+01	3.5376309057e-04
3.8250000000e+01	2.6984034588e-04
4.2273000000e+01	2.0570234160e-04
4.6718000000e+01	1.5671067193e-04
5.1632000000e+01	1.1931273822e-04
