5.8104000000e-06	2.7819099905e+01
6.4215000000e-06	3.0628908073e+01
7.0969000000e-06	3.3723696822e+01
7.8433000000e-06	3.7130464306e+01
8.6682000000e-06	4.0881054906e+01
9.5798000000e-06	4.5010928905e+01
1.0587000000e-05	4.9558613863e+01
1.1701000000e-05	5.4565494287e+01
1.2931000000e-05	6.0077140684e+01
1.4291000000e-05	6.6146486266e+01
1.5794000000e-05	7.2828031555e+01
1.7456000000e-05	8.0185531205e+01
1.9291000000e-05	8.8285985390e+01
2.1320000000e-05	9.7205380967e+01
2.3563000000e-05	1.0702271575e+02
2.6041000000e-05	1.1783198530e+02
2.8779000000e-05	1.2974118023e+02
3.1806000000e-05	1.4285026487e+02
3.5151000000e-05	1.5727933092e+02
3.8848000000e-05	1.7316827159e+02
4.2934000000e-05	1.9065788864e+02
4.7449000000e-05	2.0991585113e+02
5.2439000000e-05	2.3112440431e+02
5.7954000000e-05	2.5446200759e+02
6.4050000000e-05	2.8017132049e+02
7.0786000000e-05	3.0846838546e+02
7.8230000000e-05	3.3961752418e+02
8.6458000000e-05	3.7391696530e+02
9.5551000000e-05	4.1168490395e+02
1.0560000000e-04	4.5325103343e+02
1.1671000000e-04	4.9900847639e+02
1.2898000000e-04	5.4938829011e+02
1.4254000000e-04	6.0484355619e+02
1.5754000000e-04	6.6589105111e+02
1.7410000000e-04	7.3306869677e+02
1.9242000000e-04	8.0701665203e+02
2.1265000000e-04	8.8839488867e+02
2.3502000000e-04	9.7794083037e+02
2.5973000000e-04	1.0764507845e+03
2.8705000000e-04	1.1848574557e+03
3.1724000000e-04	1.3040573075e+03
3.5060000000e-04	1.4351655318e+03
3.8748000000e-04	1.5793851412e+03
4.2823000000e-04	1.7378060686e+03
4.7327000000e-04	1.9118296276e+03
5.2304000000e-04	2.1029806726e+03
5.7805000000e-04	2.3128423608e+03
6.3884000000e-04	2.5430185898e+03
7.0603000000e-04	2.7954467950e+03
7.8028000000e-04	3.0720067460e+03
8.6235000000e-04	3.3747241519e+03
9.5304000000e-04	3.7056015909e+03
1.0533000000e-03	4.0671916022e+03
1.1640000000e-03	4.4614072321e+03
1.2865000000e-03	4.8907869774e+03
1.4218000000e-03	5.3574736134e+03
1.5713000000e-03	5.8638015045e+03
1.7366000000e-03	6.4116752594e+03
1.9192000000e-03	7.0033175292e+03
2.1210000000e-03	7.6399249840e+03
2.3441000000e-03	8.3228121220e+03
2.5906000000e-03	9.0528186296e+03
2.8631000000e-03	9.8300281310e+03
3.1642000000e-03	1.0653548038e+04
3.4970000000e-03	1.1523146228e+04
3.8648000000e-03	1.2434469123e+04
4.2712000000e-03	1.3385612621e+04
4.7204000000e-03	1.4370713028e+04
5.2169000000e-03	1.5382868218e+04
5.7656000000e-03	1.6414509654e+04
6.3719000000e-03	1.7455799590e+04
7.0421000000e-03	1.8492835211e+04
7.7827000000e-03	1.9510139618e+04
8.6012000000e-03	2.0489340781e+04
9.5058000000e-03	2.1409197625e+04
1.0506000000e-02	2.2246127124e+04
1.1610000000e-02	2.2973262013e+04
1.2831000000e-02	2.3558527185e+04
1.4181000000e-02	2.3973735294e+04
1.5672000000e-02	2.4184672123e+04
1.7321000000e-02	2.4161504917e+04
1.9142000000e-02	2.3876872705e+04
2.1156000000e-02	2.3312338273e+04
2.3380000000e-02	2.2462970674e+04
2.5839000000e-02	2.1343806206e+04
2.8557000000e-02	1.9992418191e+04
3.1560000000e-02	1.8474231645e+04
3.4880000000e-02	1.6876821907e+04
3.8548000000e-02	1.5304517768e+04
4.2602000000e-02	1.3862155903e+04
4.7083000000e-02	1.2631124485e+04
5.2034000000e-02	1.1642611876e+04
5.7507000000e-02	1.0860010942e+04
6.3555000000e-02	1.0163142321e+04
7.0239000000e-02	9.3738769856e+03
7.7626000000e-02	8.3504696370e+03
8.5790000000e-02	7.1106586376e+03
9.4813000000e-02	5.8808375368e+03
1.0478000000e-01	4.9483869859e+03
1.1580000000e-01	4.4064592599e+03
1.2798000000e-01	4.0278350701e+03
1.4144000000e-01	3.4743561416e+03
1.5632000000e-01	2.7795313032e+03
1.7276000000e-01	2.3008805977e+03
1.9093000000e-01	2.0498278039e+03
2.1101000000e-01	1.7085494039e+03
2.3320000000e-01	1.3675829044e+03
2.5773000000e-01	1.1780436373e+03
2.8483000000e-01	9.5734608295e+02
3.1479000000e-01	7.9008812899e+02
3.4790000000e-01	6.4834091515e+02
3.8448000000e-01	5.3006475957e+02
4.2492000000e-01	4.3015213344e+02
4.6961000000e-01	3.5023101668e+02
5.1900000000e-01	2.8301719872e+02
5.7358000000e-01	2.2816461762e+02
6.3391000000e-01	1.8352204638e+02
7.0058000000e-01	1.4721654601e+02
7.7426000000e-01	1.1778871759e+02
8.5568000000e-01	9.4004789511e+01
9.4568000000e-01	7.4846912243e+01
1.0451000000e+00	5.9462371636e+01
1.1551000000e+00	4.7139707885e+01
1.2765000000e+00	3.7294344311e+01
1.4108000000e+00	2.9448412266e+01
1.5592000000e+00	2.3210405850e+01
1.7231000000e+00	1.8261815911e+01
1.9044000000e+00	1.4342856586e+01
2.1046000000e+00	1.1247656749e+01
2.3260000000e+00	8.8064101314e+00
2.5706000000e+00	6.8848311530e+00
2.8410000000e+00	5.3748683631e+00
3.1398000000e+00	4.1904660300e+00
3.4700000000e+00	3.2627305829e+00
3.8349000000e+00	2.5371565335e+00
4.2382000000e+00	1.9706602774e+00
4.6840000000e+00	1.5288435822e+00
5.1766000000e+00	1.1847271248e+00
5.7210000000e+00	9.1711408025e-01
6.3227000000e+00	7.0922268135e-01
6.9877000000e+00	5.4790830877e-01
7.7226000000e+00	4.2288164981e-01
8.5348000000e+00	3.2608824807e-01
9.4324000000e+00	2.5122829426e-01
1.0424000000e+01	1.9338208878e-01
1.1521000000e+01	1.4873338295e-01
1.2732000000e+01	1.1430216929e-01
1.4071000000e+01	8.7775690279e-02
1.5551000000e+01	6.7353772423e-02
1.7187000000e+01	5.1645407779e-02
1.8994000000e+01	3.9571905212e-02
2.0992000000e+01	3.0300503166e-02
2.3200000000e+01	2.3185877793e-02
2.5640000000e+01	1.7730000642e-02
2.8336000000e+01	1.3549325890e-02
3.1317000000e+01	1.0347653901e-02
3.4610000000e+01	7.8975518921e-03
3.8250000000e+01	6.0238396913e-03
4.2273000000e+01	4.5918033274e-03
4.6719000000e+01	3.4980472548e-03
5.1632000000e+01	2.6630876579e-03
