5.8104000000e-06	4.3695717751e-03
6.4215000000e-06	4.8110680819e-03
7.0968000000e-06	5.2970168692e-03
7.8432000000e-06	5.8322786414e-03
8.6681000000e-06	6.4214121770e-03
9.5797000000e-06	7.0700716972e-03
1.0587000000e-05	7.7843755938e-03
1.1701000000e-05	8.5707769211e-03
1.2931000000e-05	9.4365025702e-03
1.4291000000e-05	1.0389851383e-02
1.5794000000e-05	1.1439496381e-02
1.7455000000e-05	1.2594973193e-02
1.9291000000e-05	1.3866325211e-02
2.1320000000e-05	1.5267375787e-02
2.3562000000e-05	1.6810084324e-02
2.6040000000e-05	1.8509459289e-02
2.8779000000e-05	2.0378492479e-02
3.1806000000e-05	2.2437559994e-02
3.5151000000e-05	2.4703983242e-02
3.8848000000e-05	2.7199697129e-02
4.2933000000e-05	2.9946722357e-02
4.7449000000e-05	3.2971527113e-02
5.2439000000e-05	3.6302827144e-02
5.7954000000e-05	3.9970311260e-02
6.4049000000e-05	4.4006588573e-02
7.0785000000e-05	4.8452189326e-02
7.8230000000e-05	5.3345505254e-02
8.6457000000e-05	5.8736843655e-02
9.5550000000e-05	6.4667891317e-02
1.0560000000e-04	7.1199968357e-02
1.1671000000e-04	7.8381330219e-02
1.2898000000e-04	8.6300233425e-02
1.4254000000e-04	9.5012920942e-02
1.5754000000e-04	1.0460108338e-01
1.7410000000e-04	1.1515657426e-01
1.9241000000e-04	1.2678177983e-01
2.1265000000e-04	1.3955842725e-01
2.3502000000e-04	1.5363650988e-01
2.5973000000e-04	1.6910938721e-01
2.8705000000e-04	1.8615451212e-01
3.1724000000e-04	2.0490225865e-01
3.5060000000e-04	2.2552048220e-01
3.8747000000e-04	2.4820049849e-01
4.2823000000e-04	2.7312377284e-01
4.7326000000e-04	3.0050576731e-01
5.2304000000e-04	3.3064105220e-01
5.7804000000e-04	3.6368599906e-01
6.3884000000e-04	3.9997239260e-01
7.0603000000e-04	4.3982042437e-01
7.8028000000e-04	4.8347357242e-01
8.6234000000e-04	5.3133491772e-01
9.5303000000e-04	5.8374740035e-01
1.0533000000e-03	6.4110462504e-01
1.1640000000e-03	7.0372659020e-01
1.2865000000e-03	7.7219458348e-01
1.4218000000e-03	8.4675042263e-01
1.5713000000e-03	9.2798689509e-01
1.7365000000e-03	1.0162030625e+00
1.9192000000e-03	1.1119007452e+00
2.1210000000e-03	1.2154385925e+00
2.3441000000e-03	1.3271382529e+00
2.5906000000e-03	1.4473046475e+00
2.8631000000e-03	1.5761538849e+00
3.1642000000e-03	1.7135582954e+00
3.4970000000e-03	1.8598249946e+00
3.8647000000e-03	2.0143110013e+00
4.2712000000e-03	2.1764575753e+00
4.7204000000e-03	2.3454091868e+00
5.2169000000e-03	2.5204824934e+00
5.7655000000e-03	2.6998976916e+00
6.3719000000e-03	2.8823823358e+00
7.0420000000e-03	3.0663397163e+00
7.7826000000e-03	3.2488343753e+00
8.6011000000e-03	3.4259529554e+00
9.5057000000e-03	3.5940724138e+00
1.0505000000e-02	3.7479052492e+00
1.1610000000e-02	3.8826002695e+00
1.2831000000e-02	3.9925079274e+00
1.4181000000e-02	4.0726236560e+00
1.5672000000e-02	4.1187681280e+00
1.7321000000e-02	4.1251860778e+00
1.9142000000e-02	4.0864083042e+00
2.1155000000e-02	3.9989066259e+00
2.3380000000e-02	3.8616068051e+00
2.5839000000e-02	3.6776784011e+00
2.8557000000e-02	3.4527178260e+00
3.1560000000e-02	3.1970437868e+00
3.4879000000e-02	2.9261536088e+00
3.8548000000e-02	2.6578428069e+00
4.2602000000e-02	2.4096765984e+00
4.7082000000e-02	2.1958064996e+00
5.2034000000e-02	2.0224624143e+00
5.7506000000e-02	1.8837250149e+00
6.3554000000e-02	1.7599200445e+00
7.0238000000e-02	1.6219731222e+00
7.7625000000e-02	1.4458106619e+00
8.5789000000e-02	1.2337943920e+00
9.4812000000e-02	1.0231749861e+00
1.0478000000e-01	8.6188393456e-01
1.1580000000e-01	7.6600148735e-01
1.2798000000e-01	6.9826311956e-01
1.4144000000e-01	6.0246311188e-01
1.5632000000e-01	4.8341573415e-01
1.7276000000e-01	4.0035622409e-01
1.9093000000e-01	3.5573459968e-01
2.1101000000e-01	2.9669072927e-01
2.3320000000e-01	2.3782956760e-01
2.5773000000e-01	2.0454980286e-01
2.8483000000e-01	1.6637683498e-01
3.1479000000e-01	1.3726913472e-01
3.4789000000e-01	1.1265520330e-01
3.8448000000e-01	9.2094294542e-02
4.2492000000e-01	7.4746953406e-02
4.6961000000e-01	6.0851867029e-02
5.1900000000e-01	4.9174488108e-02
5.7358000000e-01	3.9644675275e-02
6.3390000000e-01	3.1888248036e-02
7.0057000000e-01	2.5581308262e-02
7.7425000000e-01	2.0466161392e-02
8.5568000000e-01	1.6334735942e-02
9.4567000000e-01	1.3006506592e-02
1.0451000000e+00	1.0330763981e-02
1.1550000000e+00	8.1905982306e-03
1.2765000000e+00	6.4802897616e-03
1.4108000000e+00	5.1170306569e-03
1.5591000000e+00	4.0331200191e-03
1.7231000000e+00	3.1729941331e-03
1.9043000000e+00	2.4922374860e-03
2.1046000000e+00	1.9544955890e-03
2.3260000000e+00	1.5301692428e-03
2.5706000000e+00	1.1962984711e-03
2.8410000000e+00	9.3397341985e-04
3.1397000000e+00	7.2814314702e-04
3.4700000000e+00	5.6698277742e-04
3.8349000000e+00	4.4083590346e-04
4.2382000000e+00	3.4239129046e-04
4.6839000000e+00	2.6565139980e-04
5.1766000000e+00	2.0586873381e-04
5.7210000000e+00	1.5936017315e-04
6.3227000000e+00	1.2323758381e-04
6.9876000000e+00	9.5207104037e-05
7.7225000000e+00	7.3479721147e-05
8.5347000000e+00	5.6662315468e-05
9.4323000000e+00	4.3651202788e-05
1.0424000000e+01	3.3602657925e-05
1.1521000000e+01	2.5844068651e-05
1.2732000000e+01	1.9862206058e-05
1.4071000000e+01	1.5253805296e-05
1.5551000000e+01	1.1704467853e-05
1.7187000000e+01	8.9746702233e-06
1.8994000000e+01	6.8769839590e-06
2.0992000000e+01	5.2658965896e-06
2.3200000000e+01	4.0294045232e-06
2.5640000000e+01	3.0815154825e-06
2.8336000000e+01	2.3548935500e-06
3.1316000000e+01	1.7984161022e-06
3.4610000000e+01	1.3727856628e-06
3.8250000000e+01	1.0471966326e-06
4.2273000000e+01	7.9835620903e-07
4.6718000000e+01	6.0823479491e-07
5.1632000000e+01	4.6314736879e-07
