5.8104000000e-06	9.9756849744e-01
6.4215000000e-06	9.9756849493e-01
7.0969000000e-06	9.9756849137e-01
7.8433000000e-06	9.9756848762e-01
8.6682000000e-06	9.9757613040e-01
9.5798000000e-06	9.9756837232e-01
1.0587000000e-05	9.9756840540e-01
1.1701000000e-05	9.9756010812e-01
1.2931000000e-05	9.9756010320e-01
1.4291000000e-05	9.9756844964e-01
1.5794000000e-05	9.9756843354e-01
1.7456000000e-05	9.9756841418e-01
1.9291000000e-05	9.9756828568e-01
2.1320000000e-05	9.9756825033e-01
2.3563000000e-05	9.9756822770e-01
2.6041000000e-05	9.9756818378e-01
2.8779000000e-05	9.9756816516e-01
3.1806000000e-05	9.9756867997e-01
3.5151000000e-05	9.9756802991e-01
3.8848000000e-05	9.9756791971e-01
4.2934000000e-05	9.9755931134e-01
4.7449000000e-05	9.9756755882e-01
5.2439000000e-05	9.9756800357e-01
5.7954000000e-05	9.9757472185e-01
6.4050000000e-05	9.9756680397e-01
7.0786000000e-05	9.9757408227e-01
7.8230000000e-05	9.9756670306e-01
8.6458000000e-05	9.9755773659e-01
9.5551000000e-05	9.9755708383e-01
1.0560000000e-04	9.9756389080e-01
1.1671000000e-04	9.9756365443e-01
1.2898000000e-04	9.9755346210e-01
1.4254000000e-04	9.9756018243e-01
1.5754000000e-04	9.9755838907e-01
1.7410000000e-04	9.9755618850e-01
1.9242000000e-04	9.9755341105e-01
2.1265000000e-04	9.9755078390e-01
2.3502000000e-04	9.9755371854e-01
2.5973000000e-04	9.9754946398e-01
2.8705000000e-04	9.9753519326e-01
3.1724000000e-04	9.9753611794e-01
3.5060000000e-04	9.9752712693e-01
3.8748000000e-04	9.9750787704e-01
4.2823000000e-04	9.9749460392e-01
4.7327000000e-04	9.9748606275e-01
5.2304000000e-04	9.9745873024e-01
5.7805000000e-04	9.9743475952e-01
6.3884000000e-04	9.9741343922e-01
7.0603000000e-04	9.9737003100e-01
7.8028000000e-04	9.9732806376e-01
8.6235000000e-04	9.9727711086e-01
9.5304000000e-04	9.9722374373e-01
1.0533000000e-03	9.9714920439e-01
1.1640000000e-03	9.9706120889e-01
1.2865000000e-03	9.9695657216e-01
1.4218000000e-03	9.9683365566e-01
1.5713000000e-03	9.9669695534e-01
1.7366000000e-03	9.9652943619e-01
1.9192000000e-03	9.9634571750e-01
2.1210000000e-03	9.9613799690e-01
2.3441000000e-03	9.9589862858e-01
2.5906000000e-03	9.9564031342e-01
2.8631000000e-03	9.9538576899e-01
3.1642000000e-03	9.9512879725e-01
3.4970000000e-03	9.9487646131e-01
3.8648000000e-03	9.9465835340e-01
4.2712000000e-03	9.9448456072e-01
4.7204000000e-03	9.9436610209e-01
5.2169000000e-03	9.9432519758e-01
5.7656000000e-03	9.9433657354e-01
6.3719000000e-03	9.9439641463e-01
7.0421000000e-03	9.9448188249e-01
7.7827000000e-03	9.9461525833e-01
8.6012000000e-03	9.9481161326e-01
9.5058000000e-03	9.9509696835e-01
1.0506000000e-02	9.9551549223e-01
1.1610000000e-02	9.9607356910e-01
1.2831000000e-02	9.9680358706e-01
1.4181000000e-02	9.9774327155e-01
1.5672000000e-02	9.9898628232e-01
1.7321000000e-02	1.0005319522e+00
1.9142000000e-02	1.0024391460e+00
2.1156000000e-02	1.0046960930e+00
2.3380000000e-02	1.0073799025e+00
2.5839000000e-02	1.0104541396e+00
2.8557000000e-02	1.0138920622e+00
3.1560000000e-02	1.0174352844e+00
3.4880000000e-02	1.0207882653e+00
3.8548000000e-02	1.0234014879e+00
4.2602000000e-02	1.0245694235e+00
4.7083000000e-02	1.0236367131e+00
5.2034000000e-02	1.0203663591e+00
5.7507000000e-02	1.0153836758e+00
6.3555000000e-02	1.0102938754e+00
7.0239000000e-02	1.0072629033e+00
7.7626000000e-02	1.0081425021e+00
8.5790000000e-02	1.0133290992e+00
9.4813000000e-02	1.0202455897e+00
1.0478000000e-01	1.0230121824e+00
1.1580000000e-01	1.0177418414e+00
1.2798000000e-01	1.0102321962e+00
1.4144000000e-01	1.0103043486e+00
1.5632000000e-01	1.0179527304e+00
1.7276000000e-01	1.0194165076e+00
1.9093000000e-01	1.0122217866e+00
2.1101000000e-01	1.0135598444e+00
2.3320000000e-01	1.0179541444e+00
2.5773000000e-01	1.0132679991e+00
2.8483000000e-01	1.0156118779e+00
3.1479000000e-01	1.0149009977e+00
3.4790000000e-01	1.0150525188e+00
3.8448000000e-01	1.0147739261e+00
4.2492000000e-01	1.0152320878e+00
4.6961000000e-01	1.0148105287e+00
5.1900000000e-01	1.0149090783e+00
5.7358000000e-01	1.0149635256e+00
6.3391000000e-01	1.0149491347e+00
7.0058000000e-01	1.0149408824e+00
7.7426000000e-01	1.0149270006e+00
8.5568000000e-01	1.0149112606e+00
9.4568000000e-01	1.0149075800e+00
1.0451000000e+00	1.0149140402e+00
1.1551000000e+00	1.0149118319e+00
1.2765000000e+00	1.0149075877e+00
1.4108000000e+00	1.0149059359e+00
1.5592000000e+00	1.0149037372e+00
1.7231000000e+00	1.0148976629e+00
1.9044000000e+00	1.0148973637e+00
2.1046000000e+00	1.0148969445e+00
2.3260000000e+00	1.0148922432e+00
2.5706000000e+00	1.0149012886e+00
2.8410000000e+00	1.0149006234e+00
3.1398000000e+00	1.0148938833e+00
3.4700000000e+00	1.0148820663e+00
3.8349000000e+00	1.0148861045e+00
4.2382000000e+00	1.0148872700e+00
4.6840000000e+00	1.0148919648e+00
5.1766000000e+00	1.0148918513e+00
5.7210000000e+00	1.0148908002e+00
6.3227000000e+00	1.0148939183e+00
6.9877000000e+00	1.0148929767e+00
7.7226000000e+00	1.0148948671e+00
8.5348000000e+00	1.0148986726e+00
9.4324000000e+00	1.0149039142e+00
1.0424000000e+01	1.0149044236e+00
1.1521000000e+01	1.0149192897e+00
1.2732000000e+01	1.0149139018e+00
1.4071000000e+01	1.0149321066e+00
1.5551000000e+01	1.0149483039e+00
1.7187000000e+01	1.0149623123e+00
1.8994000000e+01	1.0149833226e+00
2.0992000000e+01	1.0150060974e+00
2.3200000000e+01	1.0150378904e+00
2.5640000000e+01	1.0150726426e+00
2.8336000000e+01	1.0151179479e+00
3.1317000000e+01	1.0151708985e+00
3.4610000000e+01	1.0152268210e+00
3.8250000000e+01	1.0153070787e+00
4.2273000000e+01	1.0154210370e+00
4.6719000000e+01	1.0155378360e+00
5.1632000000e+01	1.0156777826e+00
