5.8104000000e-06	4.1913273481e+01
6.4215000000e-06	4.1913279122e+01
7.0969000000e-06	4.1913286786e+01
7.8433000000e-06	4.1913295206e+01
8.6682000000e-06	4.1913145148e+01
9.5798000000e-06	4.1913483995e+01
1.0587000000e-05	4.1912299234e+01
1.1701000000e-05	4.1912493178e+01
1.2931000000e-05	4.1912517696e+01
1.4291000000e-05	4.1913488833e+01
1.5794000000e-05	4.1913523294e+01
1.7456000000e-05	4.1913562381e+01
1.9291000000e-05	4.1913779619e+01
2.1320000000e-05	4.1913841310e+01
2.3563000000e-05	4.1913917969e+01
2.6041000000e-05	4.1914019057e+01
2.8779000000e-05	4.1914117144e+01
3.1806000000e-05	4.1914230436e+01
3.5151000000e-05	4.1914412264e+01
3.8848000000e-05	4.1914600824e+01
4.2934000000e-05	4.1914168303e+01
4.7449000000e-05	4.1915418956e+01
5.2439000000e-05	4.1915763955e+01
5.7954000000e-05	4.1916219692e+01
6.4050000000e-05	4.1917200789e+01
7.0786000000e-05	4.1917690386e+01
7.8230000000e-05	4.1918913064e+01
8.6458000000e-05	4.1919215425e+01
9.5551000000e-05	4.1920674029e+01
1.0560000000e-04	4.1922432329e+01
1.1671000000e-04	4.1925597267e+01
1.2898000000e-04	4.1927380846e+01
1.4254000000e-04	4.1930749272e+01
1.5754000000e-04	4.1934796512e+01
1.7410000000e-04	4.1939757999e+01
1.9242000000e-04	4.1944740847e+01
2.1265000000e-04	4.1952140380e+01
2.3502000000e-04	4.1961083117e+01
2.5973000000e-04	4.1972117334e+01
2.8705000000e-04	4.1984698292e+01
3.1724000000e-04	4.2001034874e+01
3.5060000000e-04	4.2020106966e+01
3.8748000000e-04	4.2042562270e+01
4.2823000000e-04	4.2071375606e+01
4.7327000000e-04	4.2106651301e+01
5.2304000000e-04	4.2149041913e+01
5.7805000000e-04	4.2199754707e+01
6.3884000000e-04	4.2263286517e+01
7.0603000000e-04	4.2338778189e+01
7.8028000000e-04	4.2430345275e+01
8.6235000000e-04	4.2543148536e+01
9.5304000000e-04	4.2678499800e+01
1.0533000000e-03	4.2841254102e+01
1.1640000000e-03	4.3037286088e+01
1.2865000000e-03	4.3272437652e+01
1.4218000000e-03	4.3552104143e+01
1.5713000000e-03	4.3884338477e+01
1.7366000000e-03	4.4274901457e+01
1.9192000000e-03	4.4729416796e+01
2.1210000000e-03	4.5253024240e+01
2.3441000000e-03	4.5846621624e+01
2.5906000000e-03	4.6505991479e+01
2.8631000000e-03	4.7220774389e+01
3.1642000000e-03	4.7972414466e+01
3.4970000000e-03	4.8732932239e+01
3.8648000000e-03	4.9471932812e+01
4.2712000000e-03	5.0166059864e+01
4.7204000000e-03	5.0806315432e+01
5.2169000000e-03	5.1417102823e+01
5.7656000000e-03	5.2056033917e+01
6.3719000000e-03	5.2789641097e+01
7.0421000000e-03	5.3671260661e+01
7.7827000000e-03	5.4690257765e+01
8.6012000000e-03	5.5774580804e+01
9.5058000000e-03	5.6878984035e+01
1.0506000000e-02	5.8031556089e+01
1.1610000000e-02	5.9254627783e+01
1.2831000000e-02	6.0424861323e+01
1.4181000000e-02	6.1424787159e+01
1.5672000000e-02	6.2336614417e+01
1.7321000000e-02	6.3208777732e+01
1.9142000000e-02	6.4078898470e+01
2.1156000000e-02	6.4903636965e+01
2.3380000000e-02	6.5484725276e+01
2.5839000000e-02	6.5904867877e+01
2.8557000000e-02	6.6320319896e+01
3.1560000000e-02	6.6613000450e+01
3.4880000000e-02	6.6763625475e+01
3.8548000000e-02	6.7015485218e+01
4.2602000000e-02	6.7268502582e+01
4.7083000000e-02	6.7736296383e+01
5.2034000000e-02	6.8364086696e+01
5.7507000000e-02	6.9209265635e+01
6.3555000000e-02	7.0027957421e+01
7.0239000000e-02	7.0603990948e+01
7.7626000000e-02	7.0709079247e+01
8.5790000000e-02	7.0269485190e+01
9.4813000000e-02	6.9596111190e+01
1.0478000000e-01	6.9358569390e+01
1.1580000000e-01	7.0006090895e+01
1.2798000000e-01	7.0953963257e+01
1.4144000000e-01	7.1027522818e+01
1.5632000000e-01	7.0188976252e+01
1.7276000000e-01	7.0036806702e+01
1.9093000000e-01	7.0901074658e+01
2.1101000000e-01	7.0784690376e+01
2.3320000000e-01	7.0290034697e+01
2.5773000000e-01	7.0843000409e+01
2.8483000000e-01	7.0592000547e+01
3.1479000000e-01	7.0676688883e+01
3.4790000000e-01	7.0674456656e+01
3.8448000000e-01	7.0710825272e+01
4.2492000000e-01	7.0665630173e+01
4.6961000000e-01	7.0719841368e+01
5.1900000000e-01	7.0710427905e+01
5.7358000000e-01	7.0707219122e+01
6.3391000000e-01	7.0711759077e+01
7.0058000000e-01	7.0718398259e+01
7.7426000000e-01	7.0719531935e+01
8.5568000000e-01	7.0720841476e+01
9.4568000000e-01	7.0720824370e+01
1.0451000000e+00	7.0725130895e+01
1.1551000000e+00	7.0726052852e+01
1.2765000000e+00	7.0726199461e+01
1.4108000000e+00	7.0727572163e+01
1.5592000000e+00	7.0727934405e+01
1.7231000000e+00	7.0727701062e+01
1.9044000000e+00	7.0729468411e+01
2.1046000000e+00	7.0729744564e+01
2.3260000000e+00	7.0729458295e+01
2.5706000000e+00	7.0730999173e+01
2.8410000000e+00	7.0733113943e+01
3.1398000000e+00	7.0730955292e+01
3.4700000000e+00	7.0729535723e+01
3.8349000000e+00	7.0728924774e+01
4.2382000000e+00	7.0729682825e+01
4.6840000000e+00	7.0730851274e+01
5.1766000000e+00	7.0731138109e+01
5.7210000000e+00	7.0730387786e+01
6.3227000000e+00	7.0731076702e+01
6.9877000000e+00	7.0729716603e+01
7.7226000000e+00	7.0730523512e+01
8.5348000000e+00	7.0729774619e+01
9.4324000000e+00	7.0730669598e+01
1.0424000000e+01	7.0729360158e+01
1.1521000000e+01	7.0731308414e+01
1.2732000000e+01	7.0726707534e+01
1.4071000000e+01	7.0726921325e+01
1.5551000000e+01	7.0727017221e+01
1.7187000000e+01	7.0725369317e+01
1.8994000000e+01	7.0723931717e+01
2.0992000000e+01	7.0722602793e+01
2.3200000000e+01	7.0720397378e+01
2.5640000000e+01	7.0718892639e+01
2.8336000000e+01	7.0714736908e+01
3.1317000000e+01	7.0711531950e+01
3.4610000000e+01	7.0705620387e+01
3.8250000000e+01	7.0698586931e+01
4.2273000000e+01	7.0693890808e+01
4.6719000000e+01	7.0686560739e+01
5.1632000000e+01	7.0674560639e+01
