5.8104000000e-06	1.0039324132e+00
6.4215000000e-06	1.0039324119e+00
7.0969000000e-06	1.0039324096e+00
7.8433000000e-06	1.0039324077e+00
8.6682000000e-06	1.0039302879e+00
9.5798000000e-06	1.0039322465e+00
1.0587000000e-05	1.0039220922e+00
1.1701000000e-05	1.0039243814e+00
1.2931000000e-05	1.0039243728e+00
1.4291000000e-05	1.0039332150e+00
1.5794000000e-05	1.0039331971e+00
1.7456000000e-05	1.0039331607e+00
1.9291000000e-05	1.0039329833e+00
2.1320000000e-05	1.0039329520e+00
2.3563000000e-05	1.0039329203e+00
2.6041000000e-05	1.0039328321e+00
2.8779000000e-05	1.0039327542e+00
3.1806000000e-05	1.0039323231e+00
3.5151000000e-05	1.0039325114e+00
3.8848000000e-05	1.0039323607e+00
4.2934000000e-05	1.0039240476e+00
4.7449000000e-05	1.0039327390e+00
5.2439000000e-05	1.0039321409e+00
5.7954000000e-05	1.0039298500e+00
6.4050000000e-05	1.0039323353e+00
7.0786000000e-05	1.0039297175e+00
7.8230000000e-05	1.0039317361e+00
8.6458000000e-05	1.0039228666e+00
9.5551000000e-05	1.0039227238e+00
1.0560000000e-04	1.0039201137e+00
1.1671000000e-04	1.0039304427e+00
1.2898000000e-04	1.0039217457e+00
1.4254000000e-04	1.0039185462e+00
1.5754000000e-04	1.0039183962e+00
1.7410000000e-04	1.0039175129e+00
1.9242000000e-04	1.0039055243e+00
2.1265000000e-04	1.0039044460e+00
2.3502000000e-04	1.0039004580e+00
2.5973000000e-04	1.0038984698e+00
2.8705000000e-04	1.0038880647e+00
3.1724000000e-04	1.0038826954e+00
3.5060000000e-04	1.0038685381e+00
3.8748000000e-04	1.0038451579e+00
4.2823000000e-04	1.0038294095e+00
4.7327000000e-04	1.0038102810e+00
5.2304000000e-04	1.0037837334e+00
5.7805000000e-04	1.0037422724e+00
6.3884000000e-04	1.0037074976e+00
7.0603000000e-04	1.0036535027e+00
7.8028000000e-04	1.0035836404e+00
8.6235000000e-04	1.0035220216e+00
9.5304000000e-04	1.0034319515e+00
1.0533000000e-03	1.0033185455e+00
1.1640000000e-03	1.0031895100e+00
1.2865000000e-03	1.0030326731e+00
1.4218000000e-03	1.0028373235e+00
1.5713000000e-03	1.0026116854e+00
1.7366000000e-03	1.0023384769e+00
1.9192000000e-03	1.0020138111e+00
2.1210000000e-03	1.0016307049e+00
2.3441000000e-03	1.0011820988e+00
2.5906000000e-03	1.0006627951e+00
2.8631000000e-03	1.0000632122e+00
3.1642000000e-03	9.9939106867e-01
3.4970000000e-03	9.9863065420e-01
3.8648000000e-03	9.9779148204e-01
4.2712000000e-03	9.9690447995e-01
4.7204000000e-03	9.9597135367e-01
5.2169000000e-03	9.9502465453e-01
5.7656000000e-03	9.9410363622e-01
6.3719000000e-03	9.9319106316e-01
7.0421000000e-03	9.9232967861e-01
7.7827000000e-03	9.9151788958e-01
8.6012000000e-03	9.9069264276e-01
9.5058000000e-03	9.8985466684e-01
1.0506000000e-02	9.8898032362e-01
1.1610000000e-02	9.8809385260e-01
1.2831000000e-02	9.8714975998e-01
1.4181000000e-02	9.8609971641e-01
1.5672000000e-02	9.8489322622e-01
1.7321000000e-02	9.8346813757e-01
1.9142000000e-02	9.8184600677e-01
2.1156000000e-02	9.7995824410e-01
2.3380000000e-02	9.7777340832e-01
2.5839000000e-02	9.7534200035e-01
2.8557000000e-02	9.7271039283e-01
3.1560000000e-02	9.6999228119e-01
3.4880000000e-02	9.6744803001e-01
3.8548000000e-02	9.6541575014e-01
4.2602000000e-02	9.6435558299e-01
4.7083000000e-02	9.6471772312e-01
5.2034000000e-02	9.6672641067e-01
5.7507000000e-02	9.7003228927e-01
6.3555000000e-02	9.7358035059e-01
7.0239000000e-02	9.7581509927e-01
7.7626000000e-02	9.7532296316e-01
8.5790000000e-02	9.7176198475e-01
9.4813000000e-02	9.6696525252e-01
1.0478000000e-01	9.6493501289e-01
1.1580000000e-01	9.6832959731e-01
1.2798000000e-01	9.7354121243e-01
1.4144000000e-01	9.7364492120e-01
1.5632000000e-01	9.6838156591e-01
1.7276000000e-01	9.6723823009e-01
1.9093000000e-01	9.7217929342e-01
2.1101000000e-01	9.7134109208e-01
2.3320000000e-01	9.6826863283e-01
2.5773000000e-01	9.7144809634e-01
2.8483000000e-01	9.6987650111e-01
3.1479000000e-01	9.7031642584e-01
3.4790000000e-01	9.7024106102e-01
3.8448000000e-01	9.7041165936e-01
4.2492000000e-01	9.7010299573e-01
4.6961000000e-01	9.7039115163e-01
5.1900000000e-01	9.7031376065e-01
5.7358000000e-01	9.7027334678e-01
6.3391000000e-01	9.7028351670e-01
7.0058000000e-01	9.7030430607e-01
7.7426000000e-01	9.7030201084e-01
8.5568000000e-01	9.7030254103e-01
9.4568000000e-01	9.7029833327e-01
1.0451000000e+00	9.7031086957e-01
1.1551000000e+00	9.7031187095e-01
1.2765000000e+00	9.7031000677e-01
1.4108000000e+00	9.7031366464e-01
1.5592000000e+00	9.7031361523e-01
1.7231000000e+00	9.7031157082e-01
1.9044000000e+00	9.7031733177e-01
2.1046000000e+00	9.7031762695e-01
2.3260000000e+00	9.7031621904e-01
2.5706000000e+00	9.7032142921e-01
2.8410000000e+00	9.7032944080e-01
3.1398000000e+00	9.7032087799e-01
3.4700000000e+00	9.7031545584e-01
3.8349000000e+00	9.7031258852e-01
4.2382000000e+00	9.7031537560e-01
4.6840000000e+00	9.7031970239e-01
5.1766000000e+00	9.7032074991e-01
5.7210000000e+00	9.7031774126e-01
6.3227000000e+00	9.7032013292e-01
6.9877000000e+00	9.7031454282e-01
7.7226000000e+00	9.7031751363e-01
8.5348000000e+00	9.7031411048e-01
9.4324000000e+00	9.7031713638e-01
1.0424000000e+01	9.7031148878e-01
1.1521000000e+01	9.7031814804e-01
1.2732000000e+01	9.7029938603e-01
1.4071000000e+01	9.7029865752e-01
1.5551000000e+01	9.7029743312e-01
1.7187000000e+01	9.7028900347e-01
1.8994000000e+01	9.7028088152e-01
2.0992000000e+01	9.7027278460e-01
2.3200000000e+01	9.7026035034e-01
2.5640000000e+01	9.7025013354e-01
2.8336000000e+01	9.7022822215e-01
3.1317000000e+01	9.7020904416e-01
3.4610000000e+01	9.7017795893e-01
3.8250000000e+01	9.7014016251e-01
4.2273000000e+01	9.7010901863e-01
4.6719000000e+01	9.7006552185e-01
5.1632000000e+01	9.7000024162e-01
