5.8104000000e-06	1.0128381731e+00
6.4215000000e-06	1.0128381727e+00
7.0969000000e-06	1.0128381717e+00
7.8433000000e-06	1.0128381710e+00
8.6682000000e-06	1.0128165119e+00
9.5798000000e-06	1.0128380786e+00
1.0587000000e-05	1.0128098590e+00
1.1701000000e-05	1.0128333294e+00
1.2931000000e-05	1.0128333084e+00
1.4291000000e-05	1.0128404650e+00
1.5794000000e-05	1.0128404368e+00
1.7456000000e-05	1.0128403734e+00
1.9291000000e-05	1.0128402541e+00
2.1320000000e-05	1.0128402308e+00
2.3563000000e-05	1.0128401756e+00
2.6041000000e-05	1.0128400234e+00
2.8779000000e-05	1.0128398104e+00
3.1806000000e-05	1.0128409720e+00
3.5151000000e-05	1.0128393559e+00
3.8848000000e-05	1.0128391109e+00
4.2934000000e-05	1.0128340494e+00
4.7449000000e-05	1.0128409324e+00
5.2439000000e-05	1.0128417425e+00
5.7954000000e-05	1.0128180933e+00
6.4050000000e-05	1.0128413584e+00
7.0786000000e-05	1.0128189361e+00
7.8230000000e-05	1.0128431708e+00
8.6458000000e-05	1.0128371512e+00
9.5551000000e-05	1.0128379713e+00
1.0560000000e-04	1.0128166582e+00
1.1671000000e-04	1.0128488638e+00
1.2898000000e-04	1.0128422786e+00
1.4254000000e-04	1.0128229463e+00
1.5754000000e-04	1.0128259203e+00
1.7410000000e-04	1.0128277369e+00
1.9242000000e-04	1.0128034631e+00
2.1265000000e-04	1.0128088685e+00
2.3502000000e-04	1.0127913015e+00
2.5973000000e-04	1.0128008307e+00
2.8705000000e-04	1.0128007853e+00
3.1724000000e-04	1.0127900261e+00
3.5060000000e-04	1.0127753092e+00
3.8748000000e-04	1.0127560264e+00
4.2823000000e-04	1.0127452306e+00
4.7327000000e-04	1.0127185187e+00
5.2304000000e-04	1.0127132217e+00
5.7805000000e-04	1.0126628166e+00
6.3884000000e-04	1.0126251345e+00
7.0603000000e-04	1.0125862665e+00
7.8028000000e-04	1.0125073009e+00
8.6235000000e-04	1.0124724484e+00
9.5304000000e-04	1.0123745355e+00
1.0533000000e-03	1.0122630406e+00
1.1640000000e-03	1.0121505491e+00
1.2865000000e-03	1.0120111495e+00
1.4218000000e-03	1.0118271186e+00
1.5713000000e-03	1.0116102450e+00
1.7366000000e-03	1.0113615730e+00
1.9192000000e-03	1.0110474737e+00
2.1210000000e-03	1.0106785729e+00
2.3441000000e-03	1.0102725944e+00
2.5906000000e-03	1.0097984463e+00
2.8631000000e-03	1.0092153526e+00
3.1642000000e-03	1.0085760159e+00
3.4970000000e-03	1.0078654006e+00
3.8648000000e-03	1.0070596576e+00
4.2712000000e-03	1.0062526485e+00
4.7204000000e-03	1.0054332139e+00
5.2169000000e-03	1.0046447010e+00
5.7656000000e-03	1.0040342778e+00
6.3719000000e-03	1.0035922907e+00
7.0421000000e-03	1.0035429228e+00
7.7827000000e-03	1.0040085599e+00
8.6012000000e-03	1.0050391258e+00
9.5058000000e-03	1.0068586631e+00
1.0506000000e-02	1.0095374323e+00
1.1610000000e-02	1.0132740256e+00
1.2831000000e-02	1.0181625783e+00
1.4181000000e-02	1.0244840827e+00
1.5672000000e-02	1.0324750561e+00
1.7321000000e-02	1.0424867652e+00
1.9142000000e-02	1.0550123548e+00
2.1156000000e-02	1.0705125526e+00
2.3380000000e-02	1.0893349045e+00
2.5839000000e-02	1.1119160526e+00
2.8557000000e-02	1.1380983964e+00
3.1560000000e-02	1.1669895254e+00
3.4880000000e-02	1.1961805038e+00
3.8548000000e-02	1.2209980346e+00
4.2602000000e-02	1.2346169937e+00
4.7083000000e-02	1.2302589165e+00
5.2034000000e-02	1.2058569445e+00
5.7507000000e-02	1.1679024769e+00
6.3555000000e-02	1.1300276041e+00
7.0239000000e-02	1.1072058646e+00
7.7626000000e-02	1.1111262914e+00
8.5790000000e-02	1.1464954939e+00
9.4813000000e-02	1.2001451051e+00
1.0478000000e-01	1.2256197626e+00
1.1580000000e-01	1.1857146393e+00
1.2798000000e-01	1.1294334525e+00
1.4144000000e-01	1.1275945612e+00
1.5632000000e-01	1.1837631695e+00
1.7276000000e-01	1.1977274507e+00
1.9093000000e-01	1.1432991775e+00
2.1101000000e-01	1.1514057289e+00
2.3320000000e-01	1.1856693783e+00
2.5773000000e-01	1.1505924416e+00
2.8483000000e-01	1.1672880395e+00
3.1479000000e-01	1.1626980239e+00
3.4790000000e-01	1.1633348955e+00
3.8448000000e-01	1.1615980374e+00
4.2492000000e-01	1.1648711749e+00
4.6961000000e-01	1.1617889795e+00
5.1900000000e-01	1.1625761789e+00
5.7358000000e-01	1.1629823345e+00
6.3391000000e-01	1.1628532852e+00
7.0058000000e-01	1.1627641815e+00
7.7426000000e-01	1.1626943494e+00
8.5568000000e-01	1.1626723614e+00
9.4568000000e-01	1.1626424233e+00
1.0451000000e+00	1.1626249292e+00
1.1551000000e+00	1.1626091856e+00
1.2765000000e+00	1.1625840115e+00
1.4108000000e+00	1.1625736686e+00
1.5592000000e+00	1.1625571564e+00
1.7231000000e+00	1.1625446799e+00
1.9044000000e+00	1.1625419091e+00
2.1046000000e+00	1.1625285238e+00
2.3260000000e+00	1.1625189894e+00
2.5706000000e+00	1.1625025045e+00
2.8410000000e+00	1.1625121362e+00
3.1398000000e+00	1.1624950442e+00
3.4700000000e+00	1.1624889395e+00
3.8349000000e+00	1.1624738514e+00
4.2382000000e+00	1.1624717053e+00
4.6840000000e+00	1.1624691409e+00
5.1766000000e+00	1.1624688770e+00
5.7210000000e+00	1.1624635813e+00
6.3227000000e+00	1.1624658505e+00
6.9877000000e+00	1.1624603488e+00
7.7226000000e+00	1.1624706100e+00
8.5348000000e+00	1.1624641037e+00
9.4324000000e+00	1.1624785632e+00
1.0424000000e+01	1.1624855336e+00
1.1521000000e+01	1.1625028585e+00
1.2732000000e+01	1.1624996109e+00
1.4071000000e+01	1.1625131388e+00
1.5551000000e+01	1.1625349805e+00
1.7187000000e+01	1.1625634546e+00
1.8994000000e+01	1.1625921608e+00
2.0992000000e+01	1.1626402828e+00
2.3200000000e+01	1.1626860959e+00
2.5640000000e+01	1.1627631327e+00
2.8336000000e+01	1.1628311225e+00
3.1317000000e+01	1.1629347215e+00
3.4610000000e+01	1.1630641198e+00
3.8250000000e+01	1.1632033904e+00
4.2273000000e+01	1.1633711029e+00
4.6719000000e+01	1.1636123840e+00
5.1632000000e+01	1.1638845970e+00
