5.8104000000e-06	3.7154201088e+01
6.4215000000e-06	3.7154203821e+01
7.0969000000e-06	3.7154207407e+01
7.8433000000e-06	3.7154211486e+01
8.6682000000e-06	3.7154089199e+01
9.5798000000e-06	3.7154275560e+01
1.0587000000e-05	3.7153412018e+01
1.1701000000e-05	3.7153559488e+01
1.2931000000e-05	3.7153571032e+01
1.4291000000e-05	3.7154330686e+01
1.5794000000e-05	3.7154346902e+01
1.7456000000e-05	3.7154365046e+01
1.9291000000e-05	3.7154442432e+01
2.1320000000e-05	3.7154471667e+01
2.3563000000e-05	3.7154508184e+01
2.6041000000e-05	3.7154553334e+01
2.8779000000e-05	3.7154600621e+01
3.1806000000e-05	3.7154646200e+01
3.5151000000e-05	3.7154737859e+01
3.8848000000e-05	3.7154826997e+01
4.2934000000e-05	3.7154321913e+01
4.7449000000e-05	3.7155213516e+01
5.2439000000e-05	3.7155367516e+01
5.7954000000e-05	3.7155511607e+01
6.4050000000e-05	3.7156026283e+01
7.0786000000e-05	3.7156203629e+01
7.8230000000e-05	3.7156827239e+01
8.6458000000e-05	3.7156666462e+01
9.5551000000e-05	3.7157353797e+01
1.0560000000e-04	3.7158101769e+01
1.1671000000e-04	3.7159943961e+01
1.2898000000e-04	3.7160487679e+01
1.4254000000e-04	3.7161963238e+01
1.5754000000e-04	3.7163870881e+01
1.7410000000e-04	3.7166176350e+01
1.9242000000e-04	3.7168135735e+01
2.1265000000e-04	3.7171587951e+01
2.3502000000e-04	3.7175668050e+01
2.5973000000e-04	3.7180797122e+01
2.8705000000e-04	3.7186358103e+01
3.1724000000e-04	3.7193871132e+01
3.5060000000e-04	3.7202363930e+01
3.8748000000e-04	3.7212137091e+01
4.2823000000e-04	3.7225139159e+01
4.7327000000e-04	3.7241055928e+01
5.2304000000e-04	3.7260027314e+01
5.7805000000e-04	3.7282403938e+01
6.3884000000e-04	3.7310938933e+01
7.0603000000e-04	3.7344382538e+01
7.8028000000e-04	3.7384703457e+01
8.6235000000e-04	3.7435096355e+01
9.5304000000e-04	3.7494816016e+01
1.0533000000e-03	3.7566173735e+01
1.1640000000e-03	3.7652038334e+01
1.2865000000e-03	3.7754437208e+01
1.4218000000e-03	3.7875198684e+01
1.5713000000e-03	3.8017941649e+01
1.7366000000e-03	3.8184217522e+01
1.9192000000e-03	3.8376026013e+01
2.1210000000e-03	3.8594869010e+01
2.3441000000e-03	3.8840704973e+01
2.5906000000e-03	3.9111846994e+01
2.8631000000e-03	3.9404769193e+01
3.1642000000e-03	3.9714741703e+01
3.4970000000e-03	4.0034467031e+01
3.8648000000e-03	4.0359408346e+01
4.2712000000e-03	4.0690881478e+01
4.7204000000e-03	4.1035307890e+01
5.2169000000e-03	4.1410985561e+01
5.7656000000e-03	4.1843050962e+01
6.3719000000e-03	4.2349145808e+01
7.0421000000e-03	4.2938675704e+01
7.7827000000e-03	4.3598625164e+01
8.6012000000e-03	4.4305391162e+01
9.5058000000e-03	4.5059145426e+01
1.0506000000e-02	4.5868541706e+01
1.1610000000e-02	4.6716225777e+01
1.2831000000e-02	4.7561418804e+01
1.4181000000e-02	4.8414747905e+01
1.5672000000e-02	4.9305973045e+01
1.7321000000e-02	5.0213015990e+01
1.9142000000e-02	5.1111678864e+01
2.1156000000e-02	5.1937972527e+01
2.3380000000e-02	5.2716024345e+01
2.5839000000e-02	5.3466127141e+01
2.8557000000e-02	5.4129712203e+01
3.1560000000e-02	5.4714954594e+01
3.4880000000e-02	5.5283816810e+01
3.8548000000e-02	5.5814945834e+01
4.2602000000e-02	5.6423546454e+01
4.7083000000e-02	5.7123647963e+01
5.2034000000e-02	5.7992449089e+01
5.7507000000e-02	5.8981045956e+01
6.3555000000e-02	5.9955411715e+01
7.0239000000e-02	6.0709207145e+01
7.7626000000e-02	6.1033794315e+01
8.5790000000e-02	6.0869595776e+01
9.4813000000e-02	6.0477381880e+01
1.0478000000e-01	6.0430029058e+01
1.1580000000e-01	6.1114972119e+01
1.2798000000e-01	6.2048756475e+01
1.4144000000e-01	6.2214668031e+01
1.5632000000e-01	6.1567030957e+01
1.7276000000e-01	6.1501856531e+01
1.9093000000e-01	6.2315420188e+01
2.1101000000e-01	6.2262850888e+01
2.3320000000e-01	6.1867488281e+01
2.5773000000e-01	6.2386561354e+01
2.8483000000e-01	6.2193293548e+01
3.1479000000e-01	6.2291786079e+01
3.4790000000e-01	6.2307904949e+01
3.8448000000e-01	6.2355955766e+01
4.2492000000e-01	6.2328248273e+01
4.6961000000e-01	6.2386707984e+01
5.1900000000e-01	6.2387236098e+01
5.7358000000e-01	6.2391305252e+01
6.3391000000e-01	6.2401139693e+01
7.0058000000e-01	6.2412050419e+01
7.7426000000e-01	6.2416729520e+01
8.5568000000e-01	6.2421147676e+01
9.4568000000e-01	6.2423914150e+01
1.0451000000e+00	6.2429705097e+01
1.1551000000e+00	6.2432385689e+01
1.2765000000e+00	6.2433906376e+01
1.4108000000e+00	6.2436334900e+01
1.5592000000e+00	6.2437614919e+01
1.7231000000e+00	6.2438184751e+01
1.9044000000e+00	6.2440346385e+01
2.1046000000e+00	6.2441124322e+01
2.3260000000e+00	6.2441334896e+01
2.5706000000e+00	6.2443040247e+01
2.8410000000e+00	6.2445182068e+01
3.1398000000e+00	6.2443552475e+01
3.4700000000e+00	6.2442474524e+01
3.8349000000e+00	6.2442109652e+01
4.2382000000e+00	6.2442895996e+01
4.6840000000e+00	6.2444038934e+01
5.1766000000e+00	6.2444387098e+01
5.7210000000e+00	6.2443812388e+01
6.3227000000e+00	6.2444464403e+01
6.9877000000e+00	6.2443316972e+01
7.7226000000e+00	6.2444072459e+01
8.5348000000e+00	6.2443436777e+01
9.4324000000e+00	6.2444249923e+01
1.0424000000e+01	6.2443120967e+01
1.1521000000e+01	6.2444859895e+01
1.2732000000e+01	6.2440810217e+01
1.4071000000e+01	6.2441015026e+01
1.5551000000e+01	6.2441110959e+01
1.7187000000e+01	6.2439666535e+01
1.8994000000e+01	6.2438399257e+01
2.0992000000e+01	6.2437233898e+01
2.3200000000e+01	6.2435286039e+01
2.5640000000e+01	6.2433966320e+01
2.8336000000e+01	6.2430309465e+01
3.1317000000e+01	6.2427479404e+01
3.4610000000e+01	6.2422267500e+01
3.8250000000e+01	6.2416064184e+01
4.2273000000e+01	6.2411914180e+01
4.6719000000e+01	6.2405454727e+01
5.1632000000e+01	6.2394867129e+01
