5.8104000000e-06	2.6679493276e-02
6.4215000000e-06	2.9375157345e-02
7.0968000000e-06	3.2342233316e-02
7.8432000000e-06	3.5610405072e-02
8.6681000000e-06	3.9207504051e-02
9.5797000000e-06	4.3168053458e-02
1.0587000000e-05	4.7529416375e-02
1.1701000000e-05	5.2330979746e-02
1.2931000000e-05	5.7616869482e-02
1.4291000000e-05	6.3437780169e-02
1.5794000000e-05	6.9846632534e-02
1.7455000000e-05	7.6906710675e-02
1.9291000000e-05	8.4670689147e-02
2.1320000000e-05	9.3220169632e-02
2.3562000000e-05	1.0263865264e-01
2.6040000000e-05	1.1301466462e-01
2.8779000000e-05	1.2442654378e-01
3.1806000000e-05	1.3699868911e-01
3.5151000000e-05	1.5083686989e-01
3.8848000000e-05	1.6607503475e-01
4.2933000000e-05	1.8284768223e-01
4.7449000000e-05	2.0131757535e-01
5.2439000000e-05	2.2165761743e-01
5.7954000000e-05	2.4405028702e-01
6.4049000000e-05	2.6869635096e-01
7.0785000000e-05	2.9582206014e-01
7.8230000000e-05	3.2571737944e-01
8.6457000000e-05	3.5863511720e-01
9.5550000000e-05	3.9485028581e-01
1.0560000000e-04	4.3470679773e-01
1.1671000000e-04	4.7859009879e-01
1.2898000000e-04	5.2694042203e-01
1.4254000000e-04	5.8010499285e-01
1.5754000000e-04	6.3869491322e-01
1.7410000000e-04	7.0310778089e-01
1.9241000000e-04	7.7408609772e-01
2.1265000000e-04	8.5206840427e-01
2.3502000000e-04	9.3802162818e-01
2.5973000000e-04	1.0325206717e+00
2.8705000000e-04	1.1365422412e+00
3.1724000000e-04	1.2509639484e+00
3.5060000000e-04	1.3767990108e+00
3.8747000000e-04	1.5153040259e+00
4.2823000000e-04	1.6673454549e+00
4.7326000000e-04	1.8343896089e+00
5.2304000000e-04	2.0183512345e+00
5.7804000000e-04	2.2198657716e+00
6.3884000000e-04	2.4411685348e+00
7.0603000000e-04	2.6840368951e+00
7.8028000000e-04	2.9503490871e+00
8.6234000000e-04	3.2420585479e+00
9.5303000000e-04	3.5611504098e+00
1.0533000000e-03	3.9104732782e+00
1.1640000000e-03	4.2915997200e+00
1.2865000000e-03	4.7075957029e+00
1.4218000000e-03	5.1603036332e+00
1.5713000000e-03	5.6529300256e+00
1.7365000000e-03	6.1873261781e+00
1.9192000000e-03	6.7661224945e+00
2.1210000000e-03	7.3901483014e+00
2.3441000000e-03	8.0625246738e+00
2.5906000000e-03	8.7837549291e+00
2.8631000000e-03	9.5531884649e+00
3.1642000000e-03	1.0370506796e+01
3.4970000000e-03	1.1235661835e+01
3.8647000000e-03	1.2142399274e+01
4.2712000000e-03	1.3087689151e+01
4.7204000000e-03	1.4063030629e+01
5.2169000000e-03	1.5060840688e+01
5.7655000000e-03	1.6071606445e+01
6.3719000000e-03	1.7081870327e+01
7.0420000000e-03	1.8081477004e+01
7.7826000000e-03	1.9048092795e+01
8.6011000000e-03	1.9962376727e+01
9.5057000000e-03	2.0795211596e+01
1.0505000000e-02	2.1516671003e+01
1.1610000000e-02	2.2097466730e+01
1.2831000000e-02	2.2498190803e+01
1.4181000000e-02	2.2680489188e+01
1.5672000000e-02	2.2614491926e+01
1.7321000000e-02	2.2265163429e+01
1.9142000000e-02	2.1610515957e+01
2.1155000000e-02	2.0644820843e+01
2.3380000000e-02	1.9385365497e+01
2.5839000000e-02	1.7870788301e+01
2.8557000000e-02	1.6187072888e+01
3.1560000000e-02	1.4433600406e+01
3.4879000000e-02	1.2741632101e+01
3.8548000000e-02	1.1244732640e+01
4.2602000000e-02	1.0053264644e+01
4.7082000000e-02	9.2360809709e+00
5.2034000000e-02	8.7902546766e+00
5.7506000000e-02	8.6110041135e+00
6.3554000000e-02	8.4691829189e+00
7.0238000000e-02	8.0480226370e+00
7.7625000000e-02	7.1150521861e+00
8.5789000000e-02	5.7658513198e+00
9.4812000000e-02	4.4538955023e+00
1.0478000000e-01	3.6420783486e+00
1.1580000000e-01	3.4147333796e+00
1.2798000000e-01	3.3591863977e+00
1.4144000000e-01	2.8985176704e+00
1.5632000000e-01	2.1524641680e+00
1.7276000000e-01	1.7546403927e+00
1.9093000000e-01	1.6776720446e+00
2.1101000000e-01	1.3809632706e+00
2.3320000000e-01	1.0583157454e+00
2.5773000000e-01	9.5448498343e-01
2.8483000000e-01	7.5829108205e-01
3.1479000000e-01	6.3000696231e-01
3.4789000000e-01	5.1630518869e-01
3.8448000000e-01	4.2323603423e-01
4.2492000000e-01	3.4192957723e-01
4.6961000000e-01	2.7953629389e-01
5.1900000000e-01	2.2566543313e-01
5.7358000000e-01	1.8182918760e-01
6.3390000000e-01	1.4628607546e-01
7.0057000000e-01	1.1736283588e-01
7.7425000000e-01	9.3902610211e-02
8.5568000000e-01	7.4954718919e-02
9.4567000000e-01	5.9682308414e-02
1.0451000000e+00	4.7407885165e-02
1.1550000000e+00	3.7587130257e-02
1.2765000000e+00	2.9738629310e-02
1.4108000000e+00	2.3483245067e-02
1.5591000000e+00	1.8509270200e-02
1.7231000000e+00	1.4561900166e-02
1.9043000000e+00	1.1437961932e-02
2.1046000000e+00	8.9700891252e-03
2.3260000000e+00	7.0228274461e-03
2.5706000000e+00	5.4907378130e-03
2.8410000000e+00	4.2866293488e-03
3.1397000000e+00	3.3419033540e-03
3.4700000000e+00	2.6020098364e-03
3.8349000000e+00	2.0233512214e-03
4.2382000000e+00	1.5715281717e-03
4.6839000000e+00	1.2192739658e-03
5.1766000000e+00	9.4489267957e-04
5.7210000000e+00	7.3142493279e-04
6.3227000000e+00	5.6562962593e-04
6.9876000000e+00	4.3697013381e-04
7.7225000000e+00	3.3723689584e-04
8.5347000000e+00	2.6004096088e-04
9.4323000000e+00	2.0032745588e-04
1.0424000000e+01	1.5419252950e-04
1.1521000000e+01	1.1859322495e-04
1.2732000000e+01	9.1136836878e-05
1.4071000000e+01	6.9983081286e-05
1.5551000000e+01	5.3692990571e-05
1.7187000000e+01	4.1165304492e-05
1.8994000000e+01	3.1537755376e-05
2.0992000000e+01	2.4144145373e-05
2.3200000000e+01	1.8470288784e-05
2.5640000000e+01	1.4120772719e-05
2.8336000000e+01	1.0787178900e-05
3.1316000000e+01	8.2339429477e-06
3.4610000000e+01	6.2818002392e-06
3.8250000000e+01	4.7883719491e-06
4.2273000000e+01	3.6471140932e-06
4.6718000000e+01	2.7758080320e-06
5.1632000000e+01	2.1109620612e-06
