5.8104000000e-06	3.1056230450e-02
6.4215000000e-06	3.4192978340e-02
7.0969000000e-06	3.7647849983e-02
7.8433000000e-06	4.1450999736e-02
8.6682000000e-06	4.5638596117e-02
9.5798000000e-06	5.0245631010e-02
1.0587000000e-05	5.5328689382e-02
1.1701000000e-05	6.0917459357e-02
1.2931000000e-05	6.7070521715e-02
1.4291000000e-05	7.3841871481e-02
1.5794000000e-05	8.1300427100e-02
1.7456000000e-05	8.9513355464e-02
1.9291000000e-05	9.8550288323e-02
2.1320000000e-05	1.0850579125e-01
2.3563000000e-05	1.1946325419e-01
2.6041000000e-05	1.3152684253e-01
2.8779000000e-05	1.4481876896e-01
3.1806000000e-05	1.5944873955e-01
3.5151000000e-05	1.7555063413e-01
3.8848000000e-05	1.9328132082e-01
4.2934000000e-05	2.1279406887e-01
4.7449000000e-05	2.3426548860e-01
5.2439000000e-05	2.5792204263e-01
5.7954000000e-05	2.8393937759e-01
6.4050000000e-05	3.1258028456e-01
7.0786000000e-05	3.4412761296e-01
7.8230000000e-05	3.7881021854e-01
8.6458000000e-05	4.1701348948e-01
9.5551000000e-05	4.5903765582e-01
1.0560000000e-04	5.0523587537e-01
1.1671000000e-04	5.5604080760e-01
1.2898000000e-04	6.1196846745e-01
1.4254000000e-04	6.7336444856e-01
1.5754000000e-04	7.4088787412e-01
1.7410000000e-04	8.1501832177e-01
1.9242000000e-04	8.9646964963e-01
2.1265000000e-04	9.8577302058e-01
2.3502000000e-04	1.0836346343e+00
2.5973000000e-04	1.1907987819e+00
2.8705000000e-04	1.3081214134e+00
3.1724000000e-04	1.4361145112e+00
3.5060000000e-04	1.5757501622e+00
3.8748000000e-04	1.7278719041e+00
4.2823000000e-04	1.8926458019e+00
4.7327000000e-04	2.0706876193e+00
5.2304000000e-04	2.2625089647e+00
5.7805000000e-04	2.4681718430e+00
6.3884000000e-04	2.6865481327e+00
7.0603000000e-04	2.9176054087e+00
7.8028000000e-04	3.1588204777e+00
8.6235000000e-04	3.4074726110e+00
9.5304000000e-04	3.6590334133e+00
1.0533000000e-03	3.9082208983e+00
1.1640000000e-03	4.1470933117e+00
1.2865000000e-03	4.3652254315e+00
1.4218000000e-03	4.5502437470e+00
1.5713000000e-03	4.6872049933e+00
1.7366000000e-03	4.7591201050e+00
1.9192000000e-03	4.7495134259e+00
2.1210000000e-03	4.6396275426e+00
2.3441000000e-03	4.4173640063e+00
2.5906000000e-03	4.0785450445e+00
2.8631000000e-03	3.6291806951e+00
3.1642000000e-03	3.0925368728e+00
3.4970000000e-03	2.5068865435e+00
3.8648000000e-03	1.9238092023e+00
4.2712000000e-03	1.3975847129e+00
4.7204000000e-03	9.7155698359e-01
5.2169000000e-03	6.6611900742e-01
5.7656000000e-03	4.7529988615e-01
6.3719000000e-03	3.7412618433e-01
7.0421000000e-03	3.2889730488e-01
7.7827000000e-03	3.0299320583e-01
8.6012000000e-03	2.6404639440e-01
9.5058000000e-03	2.0390585494e-01
1.0506000000e-02	1.4624707452e-01
1.1610000000e-02	1.1669065976e-01
1.2831000000e-02	1.1352212126e-01
1.4181000000e-02	1.1061241031e-01
1.5672000000e-02	9.1809845796e-02
1.7321000000e-02	7.3835216237e-02
1.9142000000e-02	5.7627794484e-02
2.1156000000e-02	3.2482364751e-02
2.3380000000e-02	1.5481296244e-02
2.5839000000e-02	6.5280370285e-03
2.8557000000e-02	3.5420093091e-03
3.1560000000e-02	3.6346630795e-03
3.4880000000e-02	4.1335350165e-03
3.8548000000e-02	2.6107376535e-03
4.2602000000e-02	7.8661830710e-04
4.7083000000e-02	3.0593177496e-04
5.2034000000e-02	5.0782428660e-04
5.7507000000e-02	3.6975980258e-04
6.3555000000e-02	7.1207052874e-05
7.0239000000e-02	1.2800825064e-04
7.7626000000e-02	6.3620776311e-05
8.5790000000e-02	2.3661526984e-05
9.4813000000e-02	2.5495240779e-05
1.0478000000e-01	7.8762242234e-06
1.1580000000e-01	4.9735841950e-06
1.2798000000e-01	6.8571954070e-06
1.4144000000e-01	1.6949976556e-06
1.5632000000e-01	5.0039607360e-07
1.7276000000e-01	3.6062965594e-07
1.9093000000e-01	2.0946132026e-07
2.1101000000e-01	9.8945221109e-08
2.3320000000e-01	8.6616797274e-08
2.5773000000e-01	1.2297311712e-07
2.8483000000e-01	1.3603729639e-08
3.1479000000e-01	3.2925232510e-08
3.4790000000e-01	2.0457100226e-08
3.8448000000e-01	1.0778376869e-08
4.2492000000e-01	5.6310368993e-09
4.6961000000e-01	8.3740490219e-10
5.1900000000e-01	1.0933932937e-09
5.7358000000e-01	6.6951415794e-10
6.3391000000e-01	1.0176338696e-10
7.0058000000e-01	2.4585830000e-10
7.7426000000e-01	1.3569304543e-10
8.5568000000e-01	2.0176577537e-11
9.4568000000e-01	9.7583393930e-12
1.0451000000e+00	1.9298038945e-11
1.1551000000e+00	9.1176675260e-12
1.2765000000e+00	1.9951495590e-12
1.4108000000e+00	1.8612413075e-12
1.5592000000e+00	1.3645611615e-12
1.7231000000e+00	4.8581927505e-13
1.9044000000e+00	1.3924889636e-13
2.1046000000e+00	5.6903046845e-14
2.3260000000e+00	1.9845462529e-14
2.5706000000e+00	5.7889911420e-14
2.8410000000e+00	7.9286308408e-15
3.1398000000e+00	1.2966639505e-14
3.4700000000e+00	5.9600736252e-15
3.8349000000e+00	1.2833244055e-15
4.2382000000e+00	7.1565104059e-16
4.6840000000e+00	1.0069082358e-15
5.1766000000e+00	2.0450276183e-16
5.7210000000e+00	2.7261726298e-16
6.3227000000e+00	1.6952832232e-16
6.9877000000e+00	7.2771408706e-17
7.7226000000e+00	5.5145541367e-17
8.5348000000e+00	1.4085349908e-17
9.4324000000e+00	1.3133678528e-17
1.0424000000e+01	7.2089383535e-18
1.1521000000e+01	1.8848839648e-18
1.2732000000e+01	2.2478547872e-19
1.4071000000e+01	5.1115108162e-19
1.5551000000e+01	4.1625617551e-19
1.7187000000e+01	2.3631274359e-19
1.8994000000e+01	8.3684098698e-20
2.0992000000e+01	3.8213360141e-20
2.3200000000e+01	6.5628710161e-20
2.5640000000e+01	1.0624157079e-20
2.8336000000e+01	4.4562834009e-22
3.1317000000e+01	1.5680128885e-21
3.4610000000e+01	1.0063898445e-21
3.8250000000e+01	6.4501818932e-22
4.2273000000e+01	1.5716603667e-23
4.6719000000e+01	5.0463386693e-23
5.1632000000e+01	4.5517404363e-23
