5.8104000000e-06	1.0503981218e+00
6.4215000000e-06	1.0503981218e+00
7.0968000000e-06	1.0503981218e+00
7.8432000000e-06	1.0503981218e+00
8.6681000000e-06	1.0503981218e+00
9.5797000000e-06	1.0503981218e+00
1.0587000000e-05	1.0503981218e+00
1.1701000000e-05	1.0503981218e+00
1.2931000000e-05	1.0503979553e+00
1.4291000000e-05	1.0503978727e+00
1.5794000000e-05	1.0503978727e+00
1.7455000000e-05	1.0503976222e+00
1.9291000000e-05	1.0505062010e+00
2.1320000000e-05	1.0505061132e+00
2.3562000000e-05	1.0504057500e+00
2.6040000000e-05	1.0504055806e+00
2.8779000000e-05	1.0504054955e+00
3.1806000000e-05	1.0504051531e+00
3.5151000000e-05	1.0504041242e+00
3.8848000000e-05	1.0504034478e+00
4.2933000000e-05	1.0504025041e+00
4.7449000000e-05	1.0504104737e+00
5.2439000000e-05	1.0504095412e+00
5.7954000000e-05	1.0504077462e+00
6.4049000000e-05	1.0504146896e+00
7.0785000000e-05	1.0504123011e+00
7.8230000000e-05	1.0504186427e+00
8.6457000000e-05	1.0503150404e+00
9.5550000000e-05	1.0503195899e+00
1.0560000000e-04	1.0503236380e+00
1.1671000000e-04	1.0504355946e+00
1.2898000000e-04	1.0503367011e+00
1.4254000000e-04	1.0503452192e+00
1.5754000000e-04	1.0503604176e+00
1.7410000000e-04	1.0503733988e+00
1.9241000000e-04	1.0502837919e+00
2.1265000000e-04	1.0504070303e+00
2.3502000000e-04	1.0503265284e+00
2.5973000000e-04	1.0503579072e+00
2.8705000000e-04	1.0502917442e+00
3.1724000000e-04	1.0503350008e+00
3.5060000000e-04	1.0502856073e+00
3.8747000000e-04	1.0501419464e+00
4.2823000000e-04	1.0501185889e+00
4.7326000000e-04	1.0501126916e+00
5.2304000000e-04	1.0499195557e+00
5.7804000000e-04	1.0498613451e+00
6.3884000000e-04	1.0498319526e+00
7.0603000000e-04	1.0496329967e+00
7.8028000000e-04	1.0494813792e+00
8.6234000000e-04	1.0492936181e+00
9.5303000000e-04	1.0490649284e+00
1.0533000000e-03	1.0487155574e+00
1.1640000000e-03	1.0484696801e+00
1.2865000000e-03	1.0479385018e+00
1.4218000000e-03	1.0474559576e+00
1.5713000000e-03	1.0467487380e+00
1.7365000000e-03	1.0459549457e+00
1.9192000000e-03	1.0450131813e+00
2.1210000000e-03	1.0438864509e+00
2.3441000000e-03	1.0425174575e+00
2.5906000000e-03	1.0408982213e+00
2.8631000000e-03	1.0389960776e+00
3.1642000000e-03	1.0368151139e+00
3.4970000000e-03	1.0341462609e+00
3.8647000000e-03	1.0310089540e+00
4.2712000000e-03	1.0275369006e+00
4.7204000000e-03	1.0236670433e+00
5.2169000000e-03	1.0192023774e+00
5.7655000000e-03	1.0146204090e+00
6.3719000000e-03	1.0097102003e+00
7.0420000000e-03	1.0046818637e+00
7.7826000000e-03	9.9972412308e-01
8.6011000000e-03	9.9522292230e-01
9.5057000000e-03	9.9109395556e-01
1.0505000000e-02	9.8755692772e-01
1.1610000000e-02	9.8436707026e-01
1.2831000000e-02	9.8138181692e-01
1.4181000000e-02	9.7833849634e-01
1.5672000000e-02	9.7495811644e-01
1.7321000000e-02	9.7130992076e-01
1.9142000000e-02	9.6743204044e-01
2.1155000000e-02	9.6323954569e-01
2.3380000000e-02	9.5872722103e-01
2.5839000000e-02	9.5369631760e-01
2.8557000000e-02	9.4824585608e-01
3.1560000000e-02	9.4287019911e-01
3.4879000000e-02	9.3766214469e-01
3.8548000000e-02	9.3333717330e-01
4.2602000000e-02	9.3072467056e-01
4.7082000000e-02	9.3061886730e-01
5.2034000000e-02	9.3357172270e-01
5.7506000000e-02	9.3903314710e-01
6.3554000000e-02	9.4527875563e-01
7.0238000000e-02	9.4947246678e-01
7.7625000000e-02	9.4895117123e-01
8.5789000000e-02	9.4291545803e-01
9.4812000000e-02	9.3438303027e-01
1.0478000000e-01	9.3031872695e-01
1.1580000000e-01	9.3582133583e-01
1.2798000000e-01	9.4504694318e-01
1.4144000000e-01	9.4555548713e-01
1.5632000000e-01	9.3638621550e-01
1.7276000000e-01	9.3402516155e-01
1.9093000000e-01	9.4254098082e-01
2.1101000000e-01	9.4142202523e-01
2.3320000000e-01	9.3594834353e-01
2.5773000000e-01	9.4132637430e-01
2.8483000000e-01	9.3872872098e-01
3.1479000000e-01	9.3937111939e-01
3.4789000000e-01	9.3931348585e-01
3.8448000000e-01	9.3952482975e-01
4.2492000000e-01	9.3904473720e-01
4.6961000000e-01	9.3950140871e-01
5.1900000000e-01	9.3938954719e-01
5.7358000000e-01	9.3931447332e-01
6.3390000000e-01	9.3934497171e-01
7.0057000000e-01	9.3925974978e-01
7.7425000000e-01	9.3930015746e-01
8.5568000000e-01	9.3926332249e-01
9.4567000000e-01	9.3920912416e-01
1.0451000000e+00	9.3953002805e-01
1.1550000000e+00	9.3937431664e-01
1.2765000000e+00	9.3935217921e-01
1.4108000000e+00	9.3934909573e-01
1.5591000000e+00	9.3934719216e-01
1.7231000000e+00	9.3936793732e-01
1.9043000000e+00	9.3931730033e-01
2.1046000000e+00	9.3931529416e-01
2.3260000000e+00	9.3937220723e-01
2.5706000000e+00	9.3935037033e-01
2.8410000000e+00	9.3929903358e-01
3.1397000000e+00	9.3933100794e-01
3.4700000000e+00	9.3925079447e-01
3.8349000000e+00	9.3942582244e-01
4.2382000000e+00	9.3947905494e-01
4.6839000000e+00	9.3933273836e-01
5.1766000000e+00	9.3931124608e-01
5.7210000000e+00	9.3932387273e-01
6.3227000000e+00	9.3931119938e-01
6.9876000000e+00	9.3931725657e-01
7.7225000000e+00	9.3936032540e-01
8.5347000000e+00	9.3935338104e-01
9.4323000000e+00	9.3940800414e-01
1.0424000000e+01	9.3938547105e-01
1.1521000000e+01	9.3936691155e-01
1.2732000000e+01	9.3936152840e-01
1.4071000000e+01	9.3924569780e-01
1.5551000000e+01	9.3929030888e-01
1.7187000000e+01	9.3931889701e-01
1.8994000000e+01	9.3929225095e-01
2.0992000000e+01	9.3930530499e-01
2.3200000000e+01	9.3930636351e-01
2.5640000000e+01	9.3928428527e-01
2.8336000000e+01	9.3931021611e-01
3.1316000000e+01	9.3932985657e-01
3.4610000000e+01	9.3927256069e-01
3.8250000000e+01	9.3923156146e-01
4.2273000000e+01	9.3919482123e-01
4.6718000000e+01	9.3920862177e-01
5.1632000000e+01	9.3910476205e-01
