5.8104000000e-06	9.5211723238e-01
6.4215000000e-06	9.5211735314e-01
7.0968000000e-06	9.5212168277e-01
7.8432000000e-06	9.5212185217e-01
8.6681000000e-06	9.5212206053e-01
9.5797000000e-06	9.5212233329e-01
1.0587000000e-05	9.5211815640e-01
1.1701000000e-05	9.5211883345e-01
1.2931000000e-05	9.5212347546e-01
1.4291000000e-05	9.5211956930e-01
1.5794000000e-05	9.5212475406e-01
1.7455000000e-05	9.5212188167e-01
1.9291000000e-05	9.5213147357e-01
2.1320000000e-05	9.5213205256e-01
2.3562000000e-05	9.5212984339e-01
2.6040000000e-05	9.5212726720e-01
2.8779000000e-05	9.5213406520e-01
3.1806000000e-05	9.5213689201e-01
3.5151000000e-05	9.5214452455e-01
3.8848000000e-05	9.5214839668e-01
4.2933000000e-05	9.5215384908e-01
4.7449000000e-05	9.5216020480e-01
5.2439000000e-05	9.5216790643e-01
5.7954000000e-05	9.5218141825e-01
6.4049000000e-05	9.5219325095e-01
7.0785000000e-05	9.5221042596e-01
7.8230000000e-05	9.5223303303e-01
8.6457000000e-05	9.5225439197e-01
9.5550000000e-05	9.5228412061e-01
1.0560000000e-04	9.5232294643e-01
1.1671000000e-04	9.5237482940e-01
1.2898000000e-04	9.5242594188e-01
1.4254000000e-04	9.5249516591e-01
1.5754000000e-04	9.5258241676e-01
1.7410000000e-04	9.5267945463e-01
1.9241000000e-04	9.5280518782e-01
2.1265000000e-04	9.5296029875e-01
2.3502000000e-04	9.5314543561e-01
2.5973000000e-04	9.5337289224e-01
2.8705000000e-04	9.5364136115e-01
3.1724000000e-04	9.5398184465e-01
3.5060000000e-04	9.5439327487e-01
3.8747000000e-04	9.5489409281e-01
4.2823000000e-04	9.5550652776e-01
4.7326000000e-04	9.5625264970e-01
5.2304000000e-04	9.5715806788e-01
5.7804000000e-04	9.5827013234e-01
6.3884000000e-04	9.5962248703e-01
7.0603000000e-04	9.6126234556e-01
7.8028000000e-04	9.6325824937e-01
8.6234000000e-04	9.6567975961e-01
9.5303000000e-04	9.6862076957e-01
1.0533000000e-03	9.7217518894e-01
1.1640000000e-03	9.7647453934e-01
1.2865000000e-03	9.8164107009e-01
1.4218000000e-03	9.8784197794e-01
1.5713000000e-03	9.9523385398e-01
1.7365000000e-03	1.0039984896e+00
1.9192000000e-03	1.0143037706e+00
2.1210000000e-03	1.0262715512e+00
2.3441000000e-03	1.0399821391e+00
2.5906000000e-03	1.0553645760e+00
2.8631000000e-03	1.0721893159e+00
3.1642000000e-03	1.0899577828e+00
3.4970000000e-03	1.1079349317e+00
3.8647000000e-03	1.1251830307e+00
4.2712000000e-03	1.1408345990e+00
4.7204000000e-03	1.1544455044e+00
5.2169000000e-03	1.1664831437e+00
5.7655000000e-03	1.1785122557e+00
6.3719000000e-03	1.1928582565e+00
7.0420000000e-03	1.2114516267e+00
7.7826000000e-03	1.2344062995e+00
8.6011000000e-03	1.2597841081e+00
9.5057000000e-03	1.2861191536e+00
1.0505000000e-02	1.3152049796e+00
1.1610000000e-02	1.3486220359e+00
1.2831000000e-02	1.3807225816e+00
1.4181000000e-02	1.4060656944e+00
1.5672000000e-02	1.4304856416e+00
1.7321000000e-02	1.4582797719e+00
1.9142000000e-02	1.4943741481e+00
2.1155000000e-02	1.5319690566e+00
2.3380000000e-02	1.5556255142e+00
2.5839000000e-02	1.5807184799e+00
2.8557000000e-02	1.6228217758e+00
3.1560000000e-02	1.6453858953e+00
3.4879000000e-02	1.6713342039e+00
3.8548000000e-02	1.7068542585e+00
4.2602000000e-02	1.7220291240e+00
4.7082000000e-02	1.7554384018e+00
5.2034000000e-02	1.7777990614e+00
5.7506000000e-02	1.7858314858e+00
6.3554000000e-02	1.8162244989e+00
7.0238000000e-02	1.8447409312e+00
7.7625000000e-02	1.8627937261e+00
8.5789000000e-02	1.8777233251e+00
9.4812000000e-02	1.8866797328e+00
1.0478000000e-01	1.8769114280e+00
1.1580000000e-01	1.8964143298e+00
1.2798000000e-01	1.9054901481e+00
1.4144000000e-01	1.9340509203e+00
1.5632000000e-01	1.9260057511e+00
1.7276000000e-01	1.9386817780e+00
1.9093000000e-01	1.9559787317e+00
2.1101000000e-01	1.9082967029e+00
2.3320000000e-01	1.9101295929e+00
2.5773000000e-01	1.9023027561e+00
2.8483000000e-01	1.9633863636e+00
3.1479000000e-01	1.8951745721e+00
3.4789000000e-01	1.9223178408e+00
3.8448000000e-01	1.9440952247e+00
4.2492000000e-01	1.9232307604e+00
4.6961000000e-01	2.0013636471e+00
5.1900000000e-01	2.0321219231e+00
5.7358000000e-01	2.0081792843e+00
6.3390000000e-01	1.8602064148e+00
7.0057000000e-01	1.9271948852e+00
7.7425000000e-01	2.0533437382e+00
8.5568000000e-01	2.0685068267e+00
9.4567000000e-01	1.8921534704e+00
1.0451000000e+00	1.9173043012e+00
1.1550000000e+00	1.8110386622e+00
1.2765000000e+00	1.8280141003e+00
1.4108000000e+00	1.7896995316e+00
1.5591000000e+00	2.1682412663e+00
1.7231000000e+00	1.7472415165e+00
1.9043000000e+00	2.2500338783e+00
2.1046000000e+00	2.3264354464e+00
2.3260000000e+00	1.6055898898e+00
2.5706000000e+00	2.1989353261e+00
2.8410000000e+00	2.3863999139e+00
3.1397000000e+00	2.0617591413e+00
3.4700000000e+00	1.3728882597e+00
3.8349000000e+00	2.5303372572e+00
4.2382000000e+00	1.6604946568e+00
4.6839000000e+00	2.5402402518e+00
5.1766000000e+00	6.2062344861e-01
5.7210000000e+00	7.6110342351e-01
6.3227000000e+00	1.6172926195e+00
6.9876000000e+00	9.2740595878e-01
7.7225000000e+00	1.6031287856e+00
8.5347000000e+00	1.5804623212e+00
9.4323000000e+00	1.9769853419e+00
1.0424000000e+01	-1.9038132616e-04
1.1521000000e+01	-4.8598505415e-02
1.2732000000e+01	8.9327098215e-01
1.4071000000e+01	1.6442913048e+00
1.5551000000e+01	2.7461960022e+00
1.7187000000e+01	2.7792013840e+00
1.8994000000e+01	2.4606535073e+00
2.0992000000e+01	6.3156147210e+00
2.3200000000e+01	-4.7925571014e-01
2.5640000000e+01	5.7332729547e+00
2.8336000000e+01	3.1987912172e+00
3.1316000000e+01	-3.3682292872e-02
3.4610000000e+01	5.8486452687e+00
3.8250000000e+01	1.2751729796e+00
4.2273000000e+01	-1.2425214532e+01
4.6718000000e+01	2.3032738528e+00
5.1632000000e+01	9.3524984187e+00
