5.8104000000e-06	4.2681287225e+01
6.4215000000e-06	4.2681293511e+01
7.0968000000e-06	4.2681819344e+01
7.8432000000e-06	4.2681827390e+01
8.6681000000e-06	4.2681837397e+01
9.5797000000e-06	4.2681851885e+01
1.0587000000e-05	4.2681310802e+01
1.1701000000e-05	4.2681381342e+01
1.2931000000e-05	4.2681919231e+01
1.4291000000e-05	4.2681391351e+01
1.5794000000e-05	4.2681996723e+01
1.7455000000e-05	4.2681803617e+01
1.9291000000e-05	4.2684172728e+01
2.1320000000e-05	4.2683951287e+01
2.3562000000e-05	4.2682426983e+01
2.6040000000e-05	4.2681978657e+01
2.8779000000e-05	4.2682676798e+01
3.1806000000e-05	4.2682840122e+01
3.5151000000e-05	4.2683544142e+01
3.8848000000e-05	4.2683725497e+01
4.2933000000e-05	4.2684064606e+01
4.7449000000e-05	4.2684549451e+01
5.2439000000e-05	4.2684989908e+01
5.7954000000e-05	4.2686025973e+01
6.4049000000e-05	4.2686850008e+01
7.0785000000e-05	4.2687802858e+01
7.8230000000e-05	4.2689785909e+01
8.6457000000e-05	4.2689920365e+01
9.5550000000e-05	4.2691995487e+01
1.0560000000e-04	4.2694598423e+01
1.1671000000e-04	4.2700091285e+01
1.2898000000e-04	4.2702284138e+01
1.4254000000e-04	4.2707057280e+01
1.5754000000e-04	4.2713776197e+01
1.7410000000e-04	4.2720258743e+01
1.9241000000e-04	4.2728129190e+01
2.1265000000e-04	4.2740382107e+01
2.3502000000e-04	4.2752425856e+01
2.5973000000e-04	4.2768860133e+01
2.8705000000e-04	4.2786317942e+01
3.1724000000e-04	4.2810717924e+01
3.5060000000e-04	4.2838899011e+01
3.8747000000e-04	4.2872471757e+01
4.2823000000e-04	4.2914961183e+01
4.7326000000e-04	4.2967164274e+01
5.2304000000e-04	4.3028540766e+01
5.7804000000e-04	4.3106298332e+01
6.3884000000e-04	4.3201623941e+01
7.0603000000e-04	4.3315323945e+01
7.8028000000e-04	4.3455919577e+01
8.6234000000e-04	4.3626938284e+01
9.5303000000e-04	4.3836040098e+01
1.0533000000e-03	4.4089831287e+01
1.1640000000e-03	4.4402689450e+01
1.2865000000e-03	4.4779009890e+01
1.4218000000e-03	4.5240289464e+01
1.5713000000e-03	4.5798640936e+01
1.7365000000e-03	4.6477630796e+01
1.9192000000e-03	4.7299680361e+01
2.1210000000e-03	4.8290363149e+01
2.3441000000e-03	4.9480919020e+01
2.5906000000e-03	5.0898800609e+01
2.8631000000e-03	5.2570006243e+01
3.1642000000e-03	5.4507466842e+01
3.4970000000e-03	5.6699249293e+01
3.8647000000e-03	5.9093061237e+01
4.2712000000e-03	6.1585942176e+01
4.7204000000e-03	6.3994736256e+01
5.2169000000e-03	6.6082179186e+01
5.7655000000e-03	6.7644425706e+01
6.3719000000e-03	6.8574400148e+01
7.0420000000e-03	6.8981821416e+01
7.7826000000e-03	6.9163709627e+01
8.6011000000e-03	6.9463181337e+01
9.5057000000e-03	7.0015887703e+01
1.0505000000e-02	7.0632356635e+01
1.1610000000e-02	7.0924631155e+01
1.2831000000e-02	7.0787267400e+01
1.4181000000e-02	7.0590465188e+01
1.5672000000e-02	7.0607903019e+01
1.7321000000e-02	7.0601497559e+01
1.9142000000e-02	7.0537028093e+01
2.1155000000e-02	7.0730328306e+01
2.3380000000e-02	7.0882956266e+01
2.5839000000e-02	7.0882026312e+01
2.8557000000e-02	7.0639692844e+01
3.1560000000e-02	7.0122872243e+01
3.4879000000e-02	6.9559296841e+01
3.8548000000e-02	6.9270058857e+01
4.2602000000e-02	6.9316987382e+01
4.7082000000e-02	6.9509505480e+01
5.2034000000e-02	6.9745213030e+01
5.7506000000e-02	7.0269142084e+01
6.3554000000e-02	7.1020111305e+01
7.0238000000e-02	7.1354049187e+01
7.7625000000e-02	7.1262319106e+01
8.5789000000e-02	7.0726231370e+01
9.4812000000e-02	6.9865981819e+01
1.0478000000e-01	6.9576714766e+01
1.1580000000e-01	7.0122187031e+01
1.2798000000e-01	7.1003081410e+01
1.4144000000e-01	7.1049390012e+01
1.5632000000e-01	7.0154305567e+01
1.7276000000e-01	6.9954117787e+01
1.9093000000e-01	7.0784887358e+01
2.1101000000e-01	7.0651087209e+01
2.3320000000e-01	7.0137808985e+01
2.5773000000e-01	7.0662383047e+01
2.8483000000e-01	7.0403257408e+01
3.1479000000e-01	7.0471348095e+01
3.4789000000e-01	7.0464427265e+01
3.8448000000e-01	7.0493059873e+01
4.2492000000e-01	7.0438103973e+01
4.6961000000e-01	7.0488230648e+01
5.1900000000e-01	7.0473585068e+01
5.7358000000e-01	7.0467570227e+01
6.3390000000e-01	7.0471304712e+01
7.0057000000e-01	7.0469887194e+01
7.7425000000e-01	7.0471942910e+01
8.5568000000e-01	7.0471395603e+01
9.4567000000e-01	7.0468834017e+01
1.0451000000e+00	7.0482205792e+01
1.1550000000e+00	7.0476934969e+01
1.2765000000e+00	7.0474713595e+01
1.4108000000e+00	7.0475825092e+01
1.5591000000e+00	7.0476141118e+01
1.7231000000e+00	7.0476189583e+01
1.9043000000e+00	7.0474374880e+01
2.1046000000e+00	7.0474508982e+01
2.3260000000e+00	7.0476458058e+01
2.5706000000e+00	7.0476350907e+01
2.8410000000e+00	7.0474685326e+01
3.1397000000e+00	7.0475499539e+01
3.4700000000e+00	7.0472200428e+01
3.8349000000e+00	7.0479190947e+01
4.2382000000e+00	7.0481098325e+01
4.6839000000e+00	7.0476096605e+01
5.1766000000e+00	7.0475840236e+01
5.7210000000e+00	7.0475506000e+01
6.3227000000e+00	7.0475457920e+01
6.9876000000e+00	7.0475576771e+01
7.7225000000e+00	7.0476682457e+01
8.5347000000e+00	7.0476076499e+01
9.4323000000e+00	7.0477535994e+01
1.0424000000e+01	7.0475737684e+01
1.1521000000e+01	7.0475609741e+01
1.2732000000e+01	7.0474640310e+01
1.4071000000e+01	7.0470133773e+01
1.5551000000e+01	7.0470671592e+01
1.7187000000e+01	7.0470582611e+01
1.8994000000e+01	7.0468252414e+01
2.0992000000e+01	7.0466800391e+01
2.3200000000e+01	7.0465042153e+01
2.5640000000e+01	7.0461752619e+01
2.8336000000e+01	7.0459739478e+01
3.1316000000e+01	7.0456326955e+01
3.4610000000e+01	7.0450257898e+01
3.8250000000e+01	7.0443035069e+01
4.2273000000e+01	7.0434374189e+01
4.6718000000e+01	7.0426943017e+01
5.1632000000e+01	7.0413550075e+01
