5.8104000000e-06	1.1940510315e-02
6.4215000000e-06	1.3146535942e-02
7.0969000000e-06	1.4474880974e-02
7.8433000000e-06	1.5937133551e-02
8.6682000000e-06	1.7547089161e-02
9.5798000000e-06	1.9319590498e-02
1.0587000000e-05	2.1272020914e-02
1.1701000000e-05	2.3420938759e-02
1.2931000000e-05	2.5786683050e-02
1.4291000000e-05	2.8391339384e-02
1.5794000000e-05	3.1259189376e-02
1.7456000000e-05	3.4417172944e-02
1.9291000000e-05	3.7894056097e-02
2.1320000000e-05	4.1722438392e-02
2.3563000000e-05	4.5936235801e-02
2.6041000000e-05	5.0575797129e-02
2.8779000000e-05	5.5687474249e-02
3.1806000000e-05	6.1314194002e-02
3.5151000000e-05	6.7507447336e-02
3.8848000000e-05	7.4327340324e-02
4.2934000000e-05	8.1835492180e-02
4.7449000000e-05	9.0100105071e-02
5.2439000000e-05	9.9203366292e-02
5.7954000000e-05	1.0922125756e-01
6.4050000000e-05	1.2025539482e-01
7.0786000000e-05	1.3240227420e-01
7.8230000000e-05	1.4577127718e-01
8.6458000000e-05	1.6049611596e-01
9.5551000000e-05	1.7670746157e-01
1.0560000000e-04	1.9455072258e-01
1.1671000000e-04	2.1418680915e-01
1.2898000000e-04	2.3581538798e-01
1.4254000000e-04	2.5962153072e-01
1.5754000000e-04	2.8582629257e-01
1.7410000000e-04	3.1466317200e-01
1.9242000000e-04	3.4641489210e-01
2.1265000000e-04	3.8134944903e-01
2.3502000000e-04	4.1979477723e-01
2.5973000000e-04	4.6208646045e-01
2.8705000000e-04	5.0863662768e-01
3.1724000000e-04	5.5982030495e-01
3.5060000000e-04	6.1613020319e-01
3.8748000000e-04	6.7808764620e-01
4.2823000000e-04	7.4614262689e-01
4.7327000000e-04	8.2091523959e-01
5.2304000000e-04	9.0306624099e-01
5.7805000000e-04	9.9330616062e-01
6.3884000000e-04	1.0922879692e+00
7.0603000000e-04	1.2009041549e+00
7.8028000000e-04	1.3199841413e+00
8.6235000000e-04	1.4503442877e+00
9.5304000000e-04	1.5929810385e+00
1.0533000000e-03	1.7490090263e+00
1.1640000000e-03	1.9192674527e+00
1.2865000000e-03	2.1049468670e+00
1.4218000000e-03	2.3070828836e+00
1.5713000000e-03	2.5267257879e+00
1.7366000000e-03	2.7648578480e+00
1.9192000000e-03	3.0225757090e+00
2.1210000000e-03	3.3005297444e+00
2.3441000000e-03	3.5994171406e+00
2.5906000000e-03	3.9197281556e+00
2.8631000000e-03	4.2616373854e+00
3.1642000000e-03	4.6246665811e+00
3.4970000000e-03	5.0088016171e+00
3.8648000000e-03	5.4120637457e+00
4.2712000000e-03	5.8332822245e+00
4.7204000000e-03	6.2701366015e+00
5.2169000000e-03	6.7198745085e+00
5.7656000000e-03	7.1796822400e+00
6.3719000000e-03	7.6469402878e+00
7.0421000000e-03	8.1160034867e+00
7.7827000000e-03	8.5801077113e+00
8.6012000000e-03	9.0306264420e+00
9.5058000000e-03	9.4554657135e+00
1.0506000000e-02	9.8428323588e+00
1.1610000000e-02	1.0180647102e+01
1.2831000000e-02	1.0457124112e+01
1.4181000000e-02	1.0660491466e+01
1.5672000000e-02	1.0773960774e+01
1.7321000000e-02	1.0782971962e+01
1.9142000000e-02	1.0675207287e+01
2.1156000000e-02	1.0443118747e+01
2.3380000000e-02	1.0082307718e+01
2.5839000000e-02	9.5985893607e+00
2.8557000000e-02	9.0082527284e+00
3.1560000000e-02	8.3393861214e+00
3.4880000000e-02	7.6306368040e+00
3.8548000000e-02	6.9284754876e+00
4.2602000000e-02	6.2800133310e+00
4.7083000000e-02	5.7223829490e+00
5.2034000000e-02	5.2703559496e+00
5.7507000000e-02	4.9090900338e+00
6.3555000000e-02	4.5869362251e+00
7.0239000000e-02	4.2269504916e+00
7.7626000000e-02	3.7674032199e+00
8.5790000000e-02	3.2146599483e+00
9.4813000000e-02	2.6654165747e+00
1.0478000000e-01	2.2449579650e+00
1.1580000000e-01	1.9955513473e+00
1.2798000000e-01	1.8194051605e+00
1.4144000000e-01	1.5695893191e+00
1.5632000000e-01	1.2591822964e+00
1.7276000000e-01	1.0428585027e+00
1.9093000000e-01	9.2671647855e-01
2.1101000000e-01	7.7286525689e-01
2.3320000000e-01	6.1957500461e-01
2.5773000000e-01	5.3284336622e-01
2.8483000000e-01	4.3339250543e-01
3.1479000000e-01	3.5758389324e-01
3.4790000000e-01	2.9345347934e-01
3.8448000000e-01	2.3989538350e-01
4.2492000000e-01	1.9471193248e-01
4.6961000000e-01	1.5851072758e-01
5.1900000000e-01	1.2809689931e-01
5.7358000000e-01	1.0327287225e-01
6.3391000000e-01	8.3066539761e-02
7.0058000000e-01	6.6632179615e-02
7.7426000000e-01	5.3313432213e-02
8.5568000000e-01	4.2548433053e-02
9.4568000000e-01	3.3877606892e-02
1.0451000000e+00	2.6913689189e-02
1.1551000000e+00	2.1336261689e-02
1.2765000000e+00	1.6880189347e-02
1.4108000000e+00	1.3328894524e-02
1.5592000000e+00	1.0505482817e-02
1.7231000000e+00	8.2656953050e-03
1.9044000000e+00	6.4918271012e-03
2.1046000000e+00	5.0908925279e-03
2.3260000000e+00	3.9859537260e-03
2.5706000000e+00	3.1161918185e-03
2.8410000000e+00	2.4327196896e-03
3.1398000000e+00	1.8966785601e-03
3.4700000000e+00	1.4767822842e-03
3.8349000000e+00	1.1483805858e-03
4.2382000000e+00	8.9196625326e-04
4.6840000000e+00	6.9198527265e-04
5.1766000000e+00	5.3623030007e-04
5.7210000000e+00	4.1510592653e-04
6.3227000000e+00	3.2100841949e-04
6.9877000000e+00	2.4799688874e-04
7.7226000000e+00	1.9140551339e-04
8.5348000000e+00	1.4759578192e-04
9.4324000000e+00	1.1371153314e-04
1.0424000000e+01	8.7529844614e-05
1.1521000000e+01	6.7319850151e-05
1.2732000000e+01	5.1737252659e-05
1.4071000000e+01	3.9730494111e-05
1.5551000000e+01	3.0486828456e-05
1.7187000000e+01	2.3376938711e-05
1.8994000000e+01	1.7912188237e-05
2.0992000000e+01	1.3715645491e-05
2.3200000000e+01	1.0495391409e-05
2.5640000000e+01	8.0258164489e-06
2.8336000000e+01	6.1335737030e-06
3.1317000000e+01	4.6843521479e-06
3.4610000000e+01	3.5753590552e-06
3.8250000000e+01	2.7272570493e-06
4.2273000000e+01	2.0790104516e-06
4.6719000000e+01	1.5838906748e-06
5.1632000000e+01	1.2059445908e-06
