5.8104000000e-06	4.1943257462e+01
6.4215000000e-06	4.1943264732e+01
7.0968000000e-06	4.1943526209e+01
7.8432000000e-06	4.1943536403e+01
8.6681000000e-06	4.1943548942e+01
9.5797000000e-06	4.1943565361e+01
1.0587000000e-05	4.1943313011e+01
1.1701000000e-05	4.1943353921e+01
1.2931000000e-05	4.1943632855e+01
1.4291000000e-05	4.1943396192e+01
1.5794000000e-05	4.1943709296e+01
1.7455000000e-05	4.1943681687e+01
1.9291000000e-05	4.1945061475e+01
2.1320000000e-05	4.1944959132e+01
2.3562000000e-05	4.1944085561e+01
2.6040000000e-05	4.1943928395e+01
2.8779000000e-05	4.1944338162e+01
3.1806000000e-05	4.1944505253e+01
3.5151000000e-05	4.1944957538e+01
3.8848000000e-05	4.1945184813e+01
4.2933000000e-05	4.1945506569e+01
4.7449000000e-05	4.1945959761e+01
5.2439000000e-05	4.1946415583e+01
5.7954000000e-05	4.1947216234e+01
6.4049000000e-05	4.1947991700e+01
7.0785000000e-05	4.1948870725e+01
7.8230000000e-05	4.1950413110e+01
8.6457000000e-05	4.1950960009e+01
9.5550000000e-05	4.1952794443e+01
1.0560000000e-04	4.1955022235e+01
1.1671000000e-04	4.1959133902e+01
1.2898000000e-04	4.1961503166e+01
1.4254000000e-04	4.1965605249e+01
1.5754000000e-04	4.1971156382e+01
1.7410000000e-04	4.1976976140e+01
1.9241000000e-04	4.1983916131e+01
2.1265000000e-04	4.1994085296e+01
2.3502000000e-04	4.2004675247e+01
2.5973000000e-04	4.2018691703e+01
2.8705000000e-04	4.2034313070e+01
3.1724000000e-04	4.2055089261e+01
3.5060000000e-04	4.2079481584e+01
3.8747000000e-04	4.2108722314e+01
4.2823000000e-04	4.2145329674e+01
4.7326000000e-04	4.2190137533e+01
5.2304000000e-04	4.2243343265e+01
5.7804000000e-04	4.2309759998e+01
6.3884000000e-04	4.2390897286e+01
7.0603000000e-04	4.2487985059e+01
7.8028000000e-04	4.2607071411e+01
8.6234000000e-04	4.2751304103e+01
9.5303000000e-04	4.2926258738e+01
1.0533000000e-03	4.3137288414e+01
1.1640000000e-03	4.3393759126e+01
1.2865000000e-03	4.3699783113e+01
1.4218000000e-03	4.4068252415e+01
1.5713000000e-03	4.4506288878e+01
1.7365000000e-03	4.5026091383e+01
1.9192000000e-03	4.5637392386e+01
2.1210000000e-03	4.6347344608e+01
2.3441000000e-03	4.7161897406e+01
2.5906000000e-03	4.8078074837e+01
2.8631000000e-03	4.9083922320e+01
3.1642000000e-03	5.0153208745e+01
3.4970000000e-03	5.1242361341e+01
3.8647000000e-03	5.2295588382e+01
4.2712000000e-03	5.3258402816e+01
4.7204000000e-03	5.4089423570e+01
5.2169000000e-03	5.4789520885e+01
5.7655000000e-03	5.5426871806e+01
6.3719000000e-03	5.6105138967e+01
7.0420000000e-03	5.6928537985e+01
7.7826000000e-03	5.7925079952e+01
8.6011000000e-03	5.9021362466e+01
9.5057000000e-03	6.0105777086e+01
1.0505000000e-02	6.1189114085e+01
1.1610000000e-02	6.2375646372e+01
1.2831000000e-02	6.3608683128e+01
1.4181000000e-02	6.4636582886e+01
1.5672000000e-02	6.5413712951e+01
1.7321000000e-02	6.6049593965e+01
1.9142000000e-02	6.6567236193e+01
2.1155000000e-02	6.7165453923e+01
2.3380000000e-02	6.7675820990e+01
2.5839000000e-02	6.7919798011e+01
2.8557000000e-02	6.7949780154e+01
3.1560000000e-02	6.8069237872e+01
3.4879000000e-02	6.8126573238e+01
3.8548000000e-02	6.8071131599e+01
4.2602000000e-02	6.8261455272e+01
4.7082000000e-02	6.8526885494e+01
5.2034000000e-02	6.9093305759e+01
5.7506000000e-02	6.9781044136e+01
6.3554000000e-02	7.0559140257e+01
7.0238000000e-02	7.1045297280e+01
7.7625000000e-02	7.1059489147e+01
8.5789000000e-02	7.0557865636e+01
9.4812000000e-02	6.9831866283e+01
1.0478000000e-01	6.9547071403e+01
1.1580000000e-01	7.0156417842e+01
1.2798000000e-01	7.1079502742e+01
1.4144000000e-01	7.1135555841e+01
1.5632000000e-01	7.0266087516e+01
1.7276000000e-01	7.0096954021e+01
1.9093000000e-01	7.0947228313e+01
2.1101000000e-01	7.0822097738e+01
2.3320000000e-01	7.0313798500e+01
2.5773000000e-01	7.0862073302e+01
2.8483000000e-01	7.0604481858e+01
3.1479000000e-01	7.0685338173e+01
3.4789000000e-01	7.0676564917e+01
3.8448000000e-01	7.0710074942e+01
4.2492000000e-01	7.0661865898e+01
4.6961000000e-01	7.0712450966e+01
5.1900000000e-01	7.0703366724e+01
5.7358000000e-01	7.0697876172e+01
6.3390000000e-01	7.0702472262e+01
7.0057000000e-01	7.0702228498e+01
7.7425000000e-01	7.0704871485e+01
8.5568000000e-01	7.0705717453e+01
9.4567000000e-01	7.0705362276e+01
1.0451000000e+00	7.0714197114e+01
1.1550000000e+00	7.0710916750e+01
1.2765000000e+00	7.0710958356e+01
1.4108000000e+00	7.0711530051e+01
1.5591000000e+00	7.0711685480e+01
1.7231000000e+00	7.0712505389e+01
1.9043000000e+00	7.0711753167e+01
2.1046000000e+00	7.0711824018e+01
2.3260000000e+00	7.0713466218e+01
2.5706000000e+00	7.0713455611e+01
2.8410000000e+00	7.0712113731e+01
3.1397000000e+00	7.0712872762e+01
3.4700000000e+00	7.0710417884e+01
3.8349000000e+00	7.0715598611e+01
4.2382000000e+00	7.0717102162e+01
4.6839000000e+00	7.0713336804e+01
5.1766000000e+00	7.0712907865e+01
5.7210000000e+00	7.0713140751e+01
6.3227000000e+00	7.0712840846e+01
6.9876000000e+00	7.0712912005e+01
7.7225000000e+00	7.0713761094e+01
8.5347000000e+00	7.0713283873e+01
9.4323000000e+00	7.0714570489e+01
1.0424000000e+01	7.0713137452e+01
1.1521000000e+01	7.0712760325e+01
1.2732000000e+01	7.0712093529e+01
1.4071000000e+01	7.0708353283e+01
1.5551000000e+01	7.0708620869e+01
1.7187000000e+01	7.0708421154e+01
1.8994000000e+01	7.0706393504e+01
2.0992000000e+01	7.0705130972e+01
2.3200000000e+01	7.0703297343e+01
2.5640000000e+01	7.0700364119e+01
2.8336000000e+01	7.0698278454e+01
3.1316000000e+01	7.0695038892e+01
3.4610000000e+01	7.0689509743e+01
3.8250000000e+01	7.0682986889e+01
4.2273000000e+01	7.0675151304e+01
4.6718000000e+01	7.0667958158e+01
5.1632000000e+01	7.0655800950e+01
