5.8104000000e-06	1.0129685199e-01
6.4215000000e-06	1.1152812328e-01
7.0969000000e-06	1.2279708665e-01
7.8433000000e-06	1.3520204936e-01
8.6682000000e-06	1.4885390692e-01
9.5798000000e-06	1.6389703550e-01
1.0587000000e-05	1.8045650549e-01
1.1701000000e-05	1.9869525726e-01
1.2931000000e-05	2.1876541881e-01
1.4291000000e-05	2.4085725050e-01
1.5794000000e-05	2.6518658438e-01
1.7456000000e-05	2.9197725991e-01
1.9291000000e-05	3.2147339856e-01
2.1320000000e-05	3.5395141347e-01
2.3563000000e-05	3.8969906039e-01
2.6041000000e-05	4.2905866514e-01
2.8779000000e-05	4.7242336488e-01
3.1806000000e-05	5.2015589938e-01
3.5151000000e-05	5.7269772318e-01
3.8848000000e-05	6.3055409504e-01
4.2934000000e-05	6.9426580884e-01
4.7449000000e-05	7.6436354341e-01
5.2439000000e-05	8.4158820153e-01
5.7954000000e-05	9.2653943432e-01
6.4050000000e-05	1.0201873247e+00
7.0786000000e-05	1.1231891492e+00
7.8230000000e-05	1.2366492290e+00
8.6458000000e-05	1.3615992869e+00
9.5551000000e-05	1.4991337897e+00
1.0560000000e-04	1.6504454777e+00
1.1671000000e-04	1.8170647810e+00
1.2898000000e-04	2.0006082931e+00
1.4254000000e-04	2.2024842335e+00
1.5754000000e-04	2.4248032584e+00
1.7410000000e-04	2.6694538440e+00
1.9242000000e-04	2.9387733420e+00
2.1265000000e-04	3.2351534458e+00
2.3502000000e-04	3.5611975285e+00
2.5973000000e-04	3.9200003473e+00
2.8705000000e-04	4.3150552512e+00
3.1724000000e-04	4.7491465131e+00
3.5060000000e-04	5.2268389751e+00
3.8748000000e-04	5.7525937631e+00
4.2823000000e-04	6.3300011037e+00
4.7327000000e-04	6.9641722125e+00
5.2304000000e-04	7.6614369817e+00
5.7805000000e-04	8.4269370415e+00
6.3884000000e-04	9.2665255077e+00
7.0603000000e-04	1.0188399154e+01
7.8028000000e-04	1.1198560414e+01
8.6235000000e-04	1.2304987817e+01
9.5304000000e-04	1.3514826755e+01
1.0533000000e-03	1.4838759636e+01
1.1640000000e-03	1.6283703310e+01
1.2865000000e-03	1.7859622313e+01
1.4218000000e-03	1.9575063935e+01
1.5713000000e-03	2.1438812463e+01
1.7366000000e-03	2.3460302674e+01
1.9192000000e-03	2.5647250707e+01
2.1210000000e-03	2.8005982473e+01
2.3441000000e-03	3.0543691608e+01
2.5906000000e-03	3.3263352835e+01
2.8631000000e-03	3.6163076746e+01
3.1642000000e-03	3.9241315650e+01
3.4970000000e-03	4.2496866846e+01
3.8648000000e-03	4.5908329274e+01
4.2712000000e-03	4.9465631078e+01
4.7204000000e-03	5.3143138274e+01
5.2169000000e-03	5.6907304801e+01
5.7656000000e-03	6.0732880798e+01
6.3719000000e-03	6.4581230817e+01
7.0421000000e-03	6.8404039305e+01
7.7827000000e-03	7.2134517499e+01
8.6012000000e-03	7.5697619368e+01
9.5058000000e-03	7.9003414581e+01
1.0506000000e-02	8.1944028515e+01
1.1610000000e-02	8.4409933770e+01
1.2831000000e-02	8.6267770696e+01
1.4181000000e-02	8.7405205803e+01
1.5672000000e-02	8.7666534247e+01
1.7321000000e-02	8.6951412291e+01
1.9142000000e-02	8.5157949940e+01
2.1156000000e-02	8.2250553739e+01
2.3380000000e-02	7.8233471503e+01
2.5839000000e-02	7.3237882404e+01
2.8557000000e-02	6.7466462371e+01
3.1560000000e-02	6.1271353859e+01
3.4880000000e-02	5.5058659428e+01
3.8548000000e-02	4.9291260690e+01
4.2602000000e-02	4.4388653733e+01
4.7083000000e-02	4.0635148523e+01
5.2034000000e-02	3.8067179348e+01
5.7507000000e-02	3.6395098929e+01
6.3555000000e-02	3.4926876534e+01
7.0239000000e-02	3.2701994532e+01
7.7626000000e-02	2.9011546712e+01
8.5790000000e-02	2.4086486383e+01
9.4813000000e-02	1.9253608334e+01
1.0478000000e-01	1.5979610688e+01
1.1580000000e-01	1.4604158179e+01
1.2798000000e-01	1.3852374700e+01
1.4144000000e-01	1.1946200449e+01
1.5632000000e-01	9.2046818374e+00
1.7276000000e-01	7.5641472532e+00
1.9093000000e-01	6.9819401680e+00
2.1101000000e-01	5.7818486183e+00
2.3320000000e-01	4.5287928141e+00
2.5773000000e-01	3.9921668387e+00
2.8483000000e-01	3.2071952164e+00
3.1479000000e-01	2.6560791853e+00
3.4790000000e-01	2.1779921493e+00
3.8448000000e-01	1.7830886871e+00
4.2492000000e-01	1.4437474969e+00
4.6961000000e-01	1.1779444170e+00
5.1900000000e-01	9.5142037527e-01
5.7358000000e-01	7.6681817156e-01
6.3391000000e-01	6.1682814620e-01
7.0058000000e-01	4.9482494813e-01
7.7426000000e-01	3.9593873080e-01
8.5568000000e-01	3.1601412758e-01
9.4568000000e-01	2.5161613643e-01
1.0451000000e+00	1.9989169877e-01
1.1551000000e+00	1.5846900211e-01
1.2765000000e+00	1.2537457023e-01
1.4108000000e+00	9.8999284841e-02
1.5592000000e+00	7.8029298039e-02
1.7231000000e+00	6.1394761965e-02
1.9044000000e+00	4.8219629439e-02
2.1046000000e+00	3.7813893593e-02
2.3260000000e+00	2.9607233102e-02
2.5706000000e+00	2.3145926632e-02
2.8410000000e+00	1.8069681378e-02
3.1398000000e+00	1.4088299439e-02
3.4700000000e+00	1.0969859845e-02
3.8349000000e+00	8.5302010101e-03
4.2382000000e+00	6.6255441196e-03
4.6840000000e+00	5.1400058647e-03
5.1766000000e+00	3.9830811754e-03
5.7210000000e+00	3.0833747804e-03
6.3227000000e+00	2.3844013802e-03
6.9877000000e+00	1.8420715218e-03
7.7226000000e+00	1.4217183424e-03
8.5348000000e+00	1.0962820585e-03
9.4324000000e+00	8.4458831337e-04
1.0424000000e+01	6.5011697880e-04
1.1521000000e+01	4.9998143590e-04
1.2732000000e+01	3.8424683462e-04
1.4071000000e+01	2.9504853859e-04
1.5551000000e+01	2.2638538687e-04
1.7187000000e+01	1.7357594103e-04
1.8994000000e+01	1.3298484253e-04
2.0992000000e+01	1.0181658875e-04
2.3200000000e+01	7.7898247131e-05
2.5640000000e+01	5.9558253510e-05
2.8336000000e+01	4.5504961635e-05
3.1317000000e+01	3.4743615729e-05
3.4610000000e+01	2.6510079389e-05
3.8250000000e+01	2.0212890496e-05
4.2273000000e+01	1.5399517036e-05
4.6719000000e+01	1.1724953229e-05
5.1632000000e+01	8.9204191751e-06
