5.8104000000e-06	9.9896950570e-01
6.4215000000e-06	9.9896950307e-01
7.0969000000e-06	9.9896949926e-01
7.8433000000e-06	9.9896949533e-01
8.6682000000e-06	9.9896774926e-01
9.5798000000e-06	9.9896935640e-01
1.0587000000e-05	9.9896922262e-01
1.1701000000e-05	9.9897109997e-01
1.2931000000e-05	9.9897108647e-01
1.4291000000e-05	9.9896946106e-01
1.5794000000e-05	9.9896944397e-01
1.7456000000e-05	9.9896942315e-01
1.9291000000e-05	9.9896926991e-01
2.1320000000e-05	9.9896924034e-01
2.3563000000e-05	9.9896919962e-01
2.6041000000e-05	9.9896914145e-01
2.8779000000e-05	9.9896908770e-01
3.1806000000e-05	9.9896888117e-01
3.5151000000e-05	9.9896893242e-01
3.8848000000e-05	9.9896884187e-01
4.2934000000e-05	9.9897021672e-01
4.7449000000e-05	9.9896844398e-01
5.2439000000e-05	9.9896810854e-01
5.7954000000e-05	9.9896616497e-01
6.4050000000e-05	9.9896748602e-01
7.0786000000e-05	9.9896542372e-01
7.8230000000e-05	9.9896646206e-01
8.6458000000e-05	9.9896746097e-01
9.5551000000e-05	9.9896673263e-01
1.0560000000e-04	9.9896396482e-01
1.1671000000e-04	9.9896305535e-01
1.2898000000e-04	9.9896345945e-01
1.4254000000e-04	9.9895967854e-01
1.5754000000e-04	9.9895766221e-01
1.7410000000e-04	9.9895510901e-01
1.9242000000e-04	9.9895171837e-01
2.1265000000e-04	9.9894780459e-01
2.3502000000e-04	9.9894148737e-01
2.5973000000e-04	9.9893568630e-01
2.8705000000e-04	9.9893040815e-01
3.1724000000e-04	9.9892003147e-01
3.5060000000e-04	9.9890942731e-01
3.8748000000e-04	9.9889827664e-01
4.2823000000e-04	9.9888271264e-01
4.7327000000e-04	9.9886200716e-01
5.2304000000e-04	9.9884057348e-01
5.7805000000e-04	9.9881226365e-01
6.3884000000e-04	9.9877640685e-01
7.0603000000e-04	9.9873681527e-01
7.8028000000e-04	9.9868618584e-01
8.6235000000e-04	9.9862609505e-01
9.5304000000e-04	9.9855115159e-01
1.0533000000e-03	9.9846331588e-01
1.1640000000e-03	9.9835854238e-01
1.2865000000e-03	9.9823343127e-01
1.4218000000e-03	9.9808485194e-01
1.5713000000e-03	9.9790876545e-01
1.7366000000e-03	9.9770506331e-01
1.9192000000e-03	9.9746840076e-01
2.1210000000e-03	9.9719827844e-01
2.3441000000e-03	9.9689699983e-01
2.5906000000e-03	9.9656541803e-01
2.8631000000e-03	9.9620494296e-01
3.1642000000e-03	9.9582917090e-01
3.4970000000e-03	9.9545142130e-01
3.8648000000e-03	9.9508483058e-01
4.2712000000e-03	9.9474763975e-01
4.7204000000e-03	9.9445182844e-01
5.2169000000e-03	9.9419736022e-01
5.7656000000e-03	9.9397913386e-01
6.3719000000e-03	9.9377003720e-01
7.0421000000e-03	9.9354497428e-01
7.7827000000e-03	9.9328108389e-01
8.6012000000e-03	9.9298193519e-01
9.5058000000e-03	9.9266959678e-01
1.0506000000e-02	9.9234626996e-01
1.1610000000e-02	9.9199252286e-01
1.2831000000e-02	9.9158452579e-01
1.4181000000e-02	9.9114049575e-01
1.5672000000e-02	9.9066455226e-01
1.7321000000e-02	9.9014408080e-01
1.9142000000e-02	9.8956763250e-01
2.1156000000e-02	9.8891703370e-01
2.3380000000e-02	9.8816421124e-01
2.5839000000e-02	9.8733759107e-01
2.8557000000e-02	9.8645816040e-01
3.1560000000e-02	9.8556857906e-01
3.4880000000e-02	9.8472959074e-01
3.8548000000e-02	9.8407931677e-01
4.2602000000e-02	9.8376705047e-01
4.7083000000e-02	9.8393476273e-01
5.2034000000e-02	9.8464879421e-01
5.7507000000e-02	9.8577047580e-01
6.3555000000e-02	9.8694180192e-01
7.0239000000e-02	9.8764571317e-01
7.7626000000e-02	9.8742942083e-01
8.5790000000e-02	9.8620415825e-01
9.4813000000e-02	9.8459463855e-01
1.0478000000e-01	9.8394920509e-01
1.1580000000e-01	9.8514365720e-01
1.2798000000e-01	9.8688790894e-01
1.4144000000e-01	9.8687309590e-01
1.5632000000e-01	9.8509089886e-01
1.7276000000e-01	9.8474567203e-01
1.9093000000e-01	9.8641051073e-01
2.1101000000e-01	9.8609988852e-01
2.3320000000e-01	9.8507804150e-01
2.5773000000e-01	9.8616145801e-01
2.8483000000e-01	9.8561731922e-01
3.1479000000e-01	9.8577949226e-01
3.4790000000e-01	9.8574479813e-01
3.8448000000e-01	9.8580810051e-01
4.2492000000e-01	9.8570155287e-01
4.6961000000e-01	9.8579897572e-01
5.1900000000e-01	9.8577539739e-01
5.7358000000e-01	9.8576238780e-01
6.3391000000e-01	9.8576553661e-01
7.0058000000e-01	9.8576792067e-01
7.7426000000e-01	9.8577051585e-01
8.5568000000e-01	9.8577364115e-01
9.4568000000e-01	9.8577412104e-01
1.0451000000e+00	9.8577325294e-01
1.1551000000e+00	9.8577368370e-01
1.2765000000e+00	9.8577441921e-01
1.4108000000e+00	9.8577486885e-01
1.5592000000e+00	9.8577528037e-01
1.7231000000e+00	9.8577640664e-01
1.9044000000e+00	9.8577668800e-01
2.1046000000e+00	9.8577676581e-01
2.3260000000e+00	9.8577765091e-01
2.5706000000e+00	9.8577600700e-01
2.8410000000e+00	9.8577647237e-01
3.1398000000e+00	9.8577747794e-01
3.4700000000e+00	9.8577965694e-01
3.8349000000e+00	9.8577870273e-01
4.2382000000e+00	9.8577857719e-01
4.6840000000e+00	9.8577779599e-01
5.1766000000e+00	9.8577786031e-01
5.7210000000e+00	9.8577794496e-01
6.3227000000e+00	9.8577740686e-01
6.9877000000e+00	9.8577736106e-01
7.7226000000e+00	9.8577710025e-01
8.5348000000e+00	9.8577617680e-01
9.4324000000e+00	9.8577523455e-01
1.0424000000e+01	9.8577489267e-01
1.1521000000e+01	9.8577213736e-01
1.2732000000e+01	9.8577244634e-01
1.4071000000e+01	9.8576869685e-01
1.5551000000e+01	9.8576533831e-01
1.7187000000e+01	9.8576212452e-01
1.8994000000e+01	9.8575749312e-01
2.0992000000e+01	9.8575250569e-01
2.3200000000e+01	9.8574549279e-01
2.5640000000e+01	9.8573797453e-01
2.8336000000e+01	9.8572780670e-01
3.1317000000e+01	9.8571619964e-01
3.4610000000e+01	9.8570348924e-01
3.8250000000e+01	9.8568553085e-01
4.2273000000e+01	9.8566098319e-01
4.6719000000e+01	9.8563535393e-01
5.1632000000e+01	9.8560409733e-01
